OBJECTID;PS_ID;X;Y;Z;date_20150404;date_20150416;date_20150428;date_20150510;date_20150522;date_20150603;date_20150615;date_20150627;date_20150802;date_20150814;date_20150826;date_20150907;date_20151013;date_20151106;date_20151118;date_20151130;date_20151212;date_20151224;date_20160117;date_20160129;date_20160210;date_20160305;date_20160317;date_20160329;date_20160410;date_20160422;date_20160504;date_20160516;date_20160528;date_20160609;date_20160715;date_20160727;date_20160808;date_20160901;date_20160913;date_20160925;date_20161001;date_20161007;date_20161013;date_20161019;date_20161025;date_20161031;date_20161106;date_20161112;date_20161118;date_20161124;date_20161130;date_20161206;date_20161212;date_20161218;date_20161224;date_20161230;date_20170105;date_20170111;date_20170117;date_20170123;date_20170129;date_20170204;date_20170210;date_20170216;date_20170222;date_20170228;date_20170306;date_20170312;date_20170318;date_20170324;date_20170330;date_20170405;date_20170411;date_20170417;date_20170423;date_20170429;date_20170505;date_20170511;date_20170517;date_20170523;date_20170529;date_20170604;date_20170610;date_20170616;date_20170622;date_20170628;date_20170704;date_20170710;date_20170716;date_20170722;date_20170728;date_20170803;date_20170809;date_20170815;date_20170821;date_20170827;date_20170902;date_20170908;date_20170914;date_20170920;date_20170926;date_20171002;date_20171008;date_20171014;date_20171026;date_20171101;date_20171107;date_20171113;date_20171119;date_20171125;date_20171201;date_20171207;date_20171213;date_20171219;date_20171225;date_20171231;date_20180106;date_20180112;date_20180118;date_20180124;date_20180130;date_20180205;date_20180211;date_20180217;date_20180223;date_20180301;date_20180307;date_20180313;date_20180319;date_20180325;date_20180331;date_20180406;date_20180412;date_20180424;date_20180430;date_20180506;date_20180512;date_20180518;date_20180524;date_20180530;date_20180605;date_20180611;date_20180617;date_20180623;date_20180705;date_20180711;date_20180717;date_20180723;date_20180729;date_20180804;date_20180810;date_20180816;date_20180822;date_20180828;date_20180903;date_20180909;date_20180915;date_20180921;date_20180927;date_20181003;date_20181009;date_20181015;date_20181021;date_20181027;date_20181102;date_20181108;date_20181114;date_20181120;date_20181126;date_20181202;date_20181208;date_20181214;date_20181220;date_20181226;date_20190101;date_20190107;date_20190113;date_20190119;date_20190125;date_20190131;date_20190206;date_20190218;date_20190224;date_20190302;date_20190308;date_20190314;date_20190320;date_20190326;date_20190401;date_20190407;date_20190413;date_20190419;date_20190501;date_20190507;date_20190513;date_20190519;date_20190525;date_20190531;date_20190606;date_20190612;date_20190618;date_20190630;date_20190706;date_20190712;date_20190718;date_20190724;date_20190730;date_20190805;date_20190811;date_20190817;date_20190829;date_20190904;date_20190910;date_20190916;date_20190922;date_20190928;date_20191004;date_20191010;date_20191016;date_20191028;date_20191103;date_20191109;date_20191115;date_20191121;date_20191127;date_20191203;date_20191209;date_20191215;date_20191227;date_20200102;date_20200108;date_20200114;date_20200120;date_20200126;date_20200201;date_20200207;date_20200213;date_20200225;date_20200302;date_20200308;date_20200314;date_20200320;date_20200326;date_20200401;date_20200407;date_20200413;date_20200425;date_20200501;date_20200507;date_20200513;date_20200519;date_20200525;date_20200531;date_20200606;date_20200612;date_20200624;date_20200630;date_20200706;date_20200712;date_20200718;date_20200724;date_20200730;date_20200805;date_20200811;date_20200817;date_20200823;date_20200829;date_20200904;date_20200910;date_20200916;date_20200922;date_20200928;date_20201004;date_20201010;date_20201022;date_20201028;date_20201103;date_20201109;date_20201115;date_20201121;date_20201127;date_20201203;date_20201209;date_20201215;date_20201221;date_20201227
1034760;10056086;434418,000000000000000;5704592,900000000372529;263,2999878;0,0000000;7,1599498;4,3715801;4,3093400;4,4516702;18,4750004;2,2764399;17,1776009;3,0281301;14,3830996;8,5391302;13,3267002;14,2084999;5,2427201;9,2552099;7,7442198;8,9667597;2,3848500;7,3350701;-1,2363300;5,0194998;3,4999001;3,6893499;4,0603700;-0,1089850;5,8930502;5,0401902;6,6138000;2,1431601;11,8428001;13,9366999;5,6493802;2,5710199;8,7963305;9,5592299;6,0584698;3,8075600;4,4923301;4,7827301;5,2260900;6,5521998;6,9823198;5,4828000;5,8832102;3,2399299;3,6671700;1,4626200;3,6536200;2,6059401;0,5750880;3,0152400;5,4108801;7,1050200;6,2326002;4,5342598;8,3417397;3,8997500;1,9773000;3,4738500;3,3402500;6,1885400;6,8075299;5,1384301;0,6907120;8,5519304;9,7234898;5,6048899;5,0005498;6,7866602;8,4757204;6,0574198;4,7794399;4,7156100;9,3526897;5,1816301;6,7362499;7,1285000;7,4422898;7,1638298;7,7072201;3,1822300;6,0575700;6,1179800;10,7685003;5,5597301;6,3703699;8,1653099;7,6204000;8,1691599;6,9385400;7,9073701;8,1607304;6,4828601;7,1226902;7,2079301;9,0419102;9,2588396;4,0818601;4,1759000;6,3885398;5,7059698;6,3592100;7,0743899;5,5844698;5,7576299;8,0776997;7,1742702;9,3399296;6,2793198;7,3976002;6,7484298;5,1362600;5,4504600;5,0662699;5,5910802;2,2377100;3,5691299;2,7666299;3,2124901;7,1161199;2,6487501;5,1433401;2,1674800;5,0928001;2,2099700;3,6671600;2,9825301;-1,2292300;2,5508800;10,8646002;4,0750299;1,7217799;7,9991202;3,1326201;4,9865899;7,0328898;5,2192402;9,2496796;3,9903100;6,0262499;5,7189298;7,2570200;6,1821799;7,4927702;7,9929600;11,4975996;7,5870600;8,6030598;7,6487999;7,0661101;8,3667402;9,0256796;9,7780199;1,1987799;8,4973097;7,7882800;7,1142702;5,9345798;7,6562901;5,7898698;6,6388102;6,6087499;18,2553005;7,9731898;9,9311800;8,1810503;7,1257401;5,7510400;5,1509900;2,6807899;4,5026898;3,5412099;3,6088600;3,7764101;3,1690099;0,8258620;3,2364399;5,1479502;-0,0517561;5,2279601;4,8448200;5,4951301;8,4124403;0,8734800;2,6128600;4,9729300;5,5534801;-2,3787799;4,5105801;2,7968400;8,6574898;3,9310901;6,7674599;8,1224098;11,1371002;10,5945997;10,0761003;2,8356099;7,5989799;4,9036899;-1,3468699;3,4428501;7,5401001;6,9994402;11,0344000;9,9453201;11,2186003;8,8069496;10,1438999;6,6614900;7,9376101;8,4830399;7,1683998;4,7287698;7,8090601;8,0572996;8,1893902;6,0801101;11,3818998;9,2236795;5,3373699;10,3362999;7,2213302;5,8092198;3,8741901;6,7107000;6,3769999;4,6185598;2,9452000;3,2680199;4,7326899;4,0122299;7,7552800;5,9010301;4,6844702;8,6543598;13,3599005;7,2926002;8,9312601;5,9380002;9,6461601;4,7368898;5,0939698;5,1247401;6,5855098;5,6912098;4,0217700;7,5881000;7,0583100;11,7094002;10,5732002;8,7778397;8,8533001;7,2902498;8,3625603;6,7874999;9,6510000;8,0455503;8,4294996;4,2811699;6,6260200;9,4877396;9,9772701;9,4667196;8,8940001;6,8491502;5,3320498;10,7038002;10,4547005;12,2741003;7,6936002;-4,9292202;10,2523003;10,1161003;3,7434299;5,3509498;7,3445101;6,8126798;7,5907798;6,6701698;4,5598202;8,2737103
1034761;10056087;434503,200000000011642;5704609,200000000186265;265,7000122;0,0000000;5,2080798;-0,0811596;-3,1619699;2,2653699;-0,4384830;-3,1517100;2,4773300;1,4022300;5,4548602;-0,9812560;0,2382600;-10,5907001;4,6890202;4,0986800;8,2608204;1,2699100;-9,7812204;-5,1747799;2,1564400;-0,4127890;7,1456499;5,5443902;-2,2069900;-6,3876200;0,2951230;5,7045898;5,2661600;-5,2881598;-1,5576000;2,6864500;0,9704150;-5,9247799;-3,7574401;0,0531044;0,0327744;0,8857920;-6,3369002;1,4235801;13,2166996;6,2744699;-3,5688701;1,8508800;8,5314398;2,9425900;-2,0989599;0,5650120;2,8911901;5,9173102;-4,1087298;3,1832800;5,7693000;1,3525000;-0,3747520;7,8538699;-10,9018002;-4,7291799;-5,1260700;5,5211601;-0,5137540;-4,6026702;6,2126498;-2,7368200;2,8864400;1,5752600;0,8946320;8,1660204;13,7336998;0,9239100;2,6465199;-1,9890100;-2,2188201;-10,2699003;-4,0471001;0,1017140;1,4987500;-5,1488199;3,0471101;-0,4856530;-8,4603100;-0,4120590;2,0588701;1,3238900;0,1175390;-1,1831200;2,1457300;3,6174500;6,8759398;3,0301900;7,3306198;3,9564400;4,7760601;-9,6088600;5,8447700;10,3423996;-5,8228502;7,3917899;1,4824300;0,0494719;2,9717901;8,2732096;-3,9866199;13,3410997;3,2826700;3,9478099;4,6505699;7,4005599;-0,1666310;1,2209100;2,4289999;1,2193800;1,3198700;4,4517498;0,8855630;2,2450299;0,7780810;-1,1230000;-1,4487000;0,7000680;1,8474500;-0,4457040;3,3229301;-1,0538700;1,9827900;2,0954001;1,0511800;-5,5023298;3,3831699;2,9266200;6,7486401;8,2054005;-9,1068096;1,1676400;-3,7689800;4,9507198;-1,1123900;2,2331901;5,4880900;-1,0399899;-0,9970160;1,7972000;3,6451600;1,0727900;4,8090000;0,8459220;9,1272697;1,2556000;4,1026402;7,2954202;6,5791602;6,9329100;4,2080698;4,5133700;4,1192799;4,5319400;14,7813997;6,3167200;12,5525999;4,5433302;6,3097301;8,8701401;1,1917599;6,6024599;5,8654599;3,5331299;6,2536201;2,0912001;5,5207601;1,8355401;4,1314001;2,7424200;0,5939820;1,8911700;8,8048601;0,6571290;4,7089500;4,7179399;-4,9740701;-1,7979200;0,6422310;0,5248290;5,3974900;8,5277996;-2,5015199;7,0703402;-2,4779201;-1,5433100;9,0857897;2,2047701;-3,3482201;0,6028060;-1,3919400;-0,0133600;2,9828501;1,3161401;6,2122402;4,8198800;9,9401398;12,1447001;7,7163301;4,1171098;8,1913004;8,0184002;-0,7792100;9,1124802;13,2365999;16,3299999;0,9905080;4,1368799;4,0058098;5,5200801;7,3308101;9,4788704;0,7495430;0,2538370;13,1357002;3,8361399;3,1422901;-0,4809940;3,7305300;14,0937004;8,3104401;6,0972400;4,0433698;9,7779398;15,8350000;9,6739397;5,5948901;2,1896200;11,7828999;10,0169001;2,9578199;0,8815520;3,6188800;2,1469700;1,1999500;3,1602499;3,3509400;1,3599100;3,7956700;3,0558701;4,6310501;2,1025000;4,5263600;2,3380401;2,9641399;3,6745000;2,6368599;4,8905602;2,3066101;5,3362298;4,4992199;4,9029398;5,0289502;5,1653900;4,5829201;4,0493102;5,1147299;4,3730898;5,3480301;7,3128500;7,6199198;3,0807700;2,0127599;2,8218999;-0,3561050;1,0747300;-0,0496845;-0,1781860;2,8768401;0,0121002;2,3085401;3,5440300;1,5357200;0,4439190;1,2176501;-1,2098800;-5,0113502;-1,0800500;0,6313520;1,6274700;3,3858399
1034859;10056204;434603,900000000023283;5704638,400000000372529;274,1000061;0,0000000;-2,9026000;-1,6225600;-1,9159000;-1,7415299;-0,8885540;-1,4064000;-0,7820820;-0,8701190;-1,3443700;-0,0034320;0,8590620;-0,6228950;0,2580870;-1,3179100;-0,4655700;1,7459600;-0,0881474;1,3030900;-0,3526900;0,1882880;0,8947370;0,5283610;-0,4033600;1,3659300;-2,1530800;-1,0237300;-1,2558100;-0,7376930;-0,3602040;0,9283120;0,1010810;-0,5704020;-1,1038500;0,3978130;0,5497090;2,2867601;1,2899500;0,0233116;-0,5362840;1,0965800;1,8415400;-0,2296720;-0,2837530;1,6649801;1,1784900;-0,0419794;0,8757870;0,9513090;1,8707100;0,8647930;0,8906790;0,9359100;0,1042440;-0,3655040;2,2282801;1,2079099;0,3064910;-0,0656152;1,4018700;0,5201470;0,0536878;-0,6827640;0,7931970;-0,3095520;0,3853090;-0,3351100;-2,2538600;-1,8815700;-0,7578650;-2,2044699;-1,3706700;-0,0108915;0,4111970;0,4392130;-0,5096860;-1,3371400;-1,2805500;-0,4275140;-0,4861290;-2,3309801;0,7691140;-0,9627120;1,6294000;0,6811060;0,0247653;1,7820200;2,3525600;1,2194700;0,7352080;2,1170900;2,9348199;0,8584910;2,9905200;2,7136600;2,2568500;3,9122000;1,7010300;1,2321700;2,9935701;1,8471200;1,5680300;-0,0534705;3,2492499;1,2972500;1,5083899;0,7602930;3,4997699;0,7066140;1,8519100;3,5626700;1,4410700;1,4457099;2,5494201;0,8530500;3,8513801;1,2472900;2,1112101;1,6865000;2,3142400;2,4738801;-0,2698930;2,1931300;1,9924500;0,4678620;1,8143200;0,5943850;1,6121500;1,0441900;2,2158000;0,5720430;1,8364800;1,7973500;0,0225078;-1,6458100;3,0109401;1,5613400;2,0016000;1,0384200;1,8928100;1,8329700;1,5297000;2,3505099;1,6659000;0,7892300;3,1319900;0,3451640;2,1964800;0,9648540;1,7581300;3,1772201;2,6323400;3,0572100;-0,6189230;2,2959099;1,9624799;1,0714600;2,4635701;1,6409900;0,7598530;0,1675430;0,1214960;2,1109300;0,6701980;2,4311099;-0,6146120;-0,2511010;-0,4671430;-0,9278870;0,3030820;-0,3840940;0,4880890;0,6272230;1,1572900;0,8415680;-1,1767600;1,6626101;-0,0603170;-1,1751800;1,0774601;0,2502690;0,0852311;1,1199800;1,5143400;1,9597400;2,8733399;0,4190710;0,2212100;0,3691690;0,1866950;0,9795800;0,7610560;1,8260400;2,9623401;1,3581500;5,2250600;2,8590600;2,6094201;4,3130298;1,0980099;2,9730000;3,9520900;2,3142300;2,9550900;3,0155799;5,7668300;3,2967200;0,8139980;3,0529699;3,7770600;2,4160299;4,4011102;2,5805700;3,1601801;2,8482900;2,2190599;3,8474500;3,3295300;1,9418401;3,3390200;3,2642801;1,9931200;2,9738700;2,9444399;1,5060900;3,1915300;4,6924500;3,2177501;2,4760101;0,3535360;4,0180702;3,9027600;1,3026400;3,4369900;2,2451301;3,2579000;2,6538401;5,0303798;1,5497800;3,6657901;2,7716601;1,3282900;1,7787300;2,5220001;2,2406700;0,7418630;3,4407201;1,5360000;4,1162500;0,8700440;3,1440899;0,7083030;2,4207599;4,0648899;3,2730801;5,1911898;2,4981599;3,0435200;2,5662999;3,6760600;7,8695202;5,7286100;3,9279799;5,8859701;4,4289098;4,7425299;2,8335900;3,1673901;3,1909499;3,7910099;4,4974999;3,0992899;4,3360200;2,4961600;3,9163101;3,0832400;1,7560800;2,1603401;2,7494099;3,3267300;4,4920602;3,0547900
1034968;10056327;434527,700000000011642;5704627,500000000000000;247,8000031;0,0000000;0,0343289;2,5711300;1,2620900;3,0345299;3,3247199;5,2002001;2,0443499;6,7629900;2,1428900;5,4653902;4,0795598;2,0666900;2,8245499;4,4184098;3,5520699;6,7599101;1,5972300;0,6110550;3,5797200;-0,8404110;1,6218600;0,3284040;0,9126050;0,8300110;2,5677199;7,8497100;2,9800601;3,5797400;3,4154999;1,1088800;3,2105100;0,6870660;5,4261298;6,2286701;1,5069500;2,2576001;4,0700698;5,0615802;7,0013399;7,1243100;4,8976102;6,8313298;5,2089400;2,8976400;4,9198298;7,3231702;9,0492496;1,5031400;6,6588702;6,8150201;14,3746004;3,1763000;8,2976103;0,3157560;1,7716800;4,0159402;16,7208004;12,2993002;0,5331820;8,6060495;6,8541899;7,2268701;5,0017099;1,7556100;3,9804299;1,9334700;-0,3492580;1,5259900;0,3284070;1,8907400;4,5224400;1,7818500;2,9844100;5,6851401;2,7131701;8,0558004;2,3796101;6,6687298;7,3192601;0,5779330;7,0902300;4,8798099;9,1204004;4,6956902;3,3057499;5,2735200;2,4052100;8,3986197;1,8945700;6,9505801;5,2382698;6,0366602;5,8937201;3,4935801;5,8978100;6,7695599;6,1865201;5,2767901;5,7780700;5,6730199;11,8443003;6,3248701;1,5339600;5,0706100;9,3290901;4,9496198;8,4362202;7,9764099;7,5660200;5,4496102;2,8707800;7,2610202;5,4540200;4,4004502;4,4638801;3,2145000;4,0167699;3,3660600;3,0704000;4,9517298;1,7797000;2,9785199;2,9176099;6,4880199;7,7545700;3,0710800;5,8272300;3,9813800;2,4467900;3,0886199;3,8197200;1,7479900;4,1037898;2,1522000;5,2075200;3,3666501;6,8842702;4,5027299;6,0206199;5,8109798;7,2433100;4,1457300;5,6501899;7,5969000;4,8552699;7,6875501;-4,9614501;3,8061600;5,3699598;6,5472498;0,7608310;5,1306601;3,5195100;4,2098799;7,1904302;3,1577499;2,5765200;2,1361401;4,4108801;3,8945100;-3,4933200;8,9205103;6,4081101;7,4348001;8,8512802;6,0937500;7,2199502;6,3141899;9,3978100;8,3154697;9,8135996;7,9616299;8,8182802;5,9612999;6,1278601;5,7243500;4,6759000;3,4861200;6,9388599;5,7282701;7,1295500;4,1035800;5,1915998;5,0672698;7,0908198;5,6672502;5,6198201;1,4291400;3,3805699;4,2569098;5,8268299;4,1699200;6,1647000;3,9090099;11,7803001;1,0689600;7,3394499;7,1686201;7,5217099;3,2400801;4,6089301;2,5700099;6,8379998;5,2030602;9,7241697;3,6718099;4,5441599;7,6805000;6,7897301;2,9280400;7,9394798;8,2473202;3,8879199;6,0400600;-0,7594420;5,4917002;5,3259902;7,4983201;5,4647498;6,5084400;6,2827401;11,7749004;7,3418999;6,8224902;5,9303298;5,1740699;0,6752110;5,4313502;5,7686801;8,0950003;3,8530800;3,5169499;4,7556000;5,5493498;4,9850702;4,3031702;15,6709995;6,3201699;8,6573095;8,1071596;2,3163199;4,2018299;9,2309599;5,4782200;3,6956000;5,3855801;3,7606399;5,3155198;5,0527701;5,7268801;2,9290600;5,9014802;7,5003901;5,8875098;7,1835799;5,0306301;3,9798601;6,9226699;5,6760702;5,0832901;3,4014201;6,5896301;7,1653099;6,1345000;7,2820702;7,4229798;6,2934999;6,8664498;8,3286200;7,2825899;10,6604996;8,9994497;7,6392598;5,1008101;9,6796398;7,5023899;8,3970299;7,8863602;8,1780500;8,9777803;6,1904101
1034969;10056328;434543,299999999988358;5704637,700000000186265;243,0000000;0,0000000;-2,2827499;-1,0997300;-1,2593700;-3,8287799;2,3463399;-2,6726301;-0,9504460;-3,0283899;-3,5320799;1,4628299;-1,2044500;-1,9452699;1,3759900;2,0483999;1,1785100;-0,0606059;1,2345200;-0,6905730;-0,0552607;0,6255640;-0,5145910;-3,9830301;-1,2879900;-1,7355200;-3,2467699;-1,6707100;-2,9947400;-0,7650710;-0,3747120;-0,9890110;0,5407010;-2,2320001;2,1009400;1,4137200;0,5651120;2,3535299;2,4011199;0,8251360;3,5747900;1,6141800;3,7749100;5,3304100;2,3509700;0,0842524;3,4376800;2,2343500;1,9840800;3,3308101;7,1626401;3,7501900;1,2565700;1,1427600;1,6588800;-3,3761401;-4,4481101;1,3820300;2,3712101;-2,5072899;-1,3055400;4,3806500;5,1120901;-1,2262800;3,6573601;4,5434399;-1,7129900;0,8965050;-2,9825699;-2,7241900;2,7890000;-3,5822501;1,0181600;-4,5107298;-0,1759030;-0,5732650;-1,1671700;0,5431640;-1,6393200;9,0602398;0,4631920;-1,0487400;0,3795330;-2,2048299;1,3087500;-2,0745001;-0,1808360;2,7502401;4,3753901;1,1937701;1,9808000;3,7062900;3,6017201;3,9557800;2,7477801;5,6029100;8,6434002;9,5421400;1,9194601;6,1274300;9,1245203;3,6061800;4,1985698;4,2448902;2,8483400;-0,0846820;1,0369900;0,2626160;2,8889999;1,7214400;1,1880400;2,4261799;0,8216660;0,7827710;0,8974980;0,1384400;1,4927700;-1,2355700;-0,9034370;-0,0890756;-0,5546320;2,9546299;-1,3436400;1,7788500;2,3240600;-6,9620099;0,6843850;-1,1820800;1,8529100;-1,0132300;0,2977630;0,2422550;-2,6222301;1,0263500;-0,1144160;-2,7487900;1,6727400;-3,4368701;0,2732200;-0,9423120;1,0992000;2,1428001;1,2303801;3,7327399;1,3963799;0,0783104;0,8671170;0,9872270;0,4351170;-0,6120420;2,6755800;1,8593900;3,0799100;3,9991000;-0,6883660;1,7466201;2,0946200;3,0978701;4,0318298;3,5550301;0,5076670;-1,1438200;4,1872001;8,5174904;16,9741993;-6,5329199;-1,3576699;7,2949400;-5,4243002;5,0573101;-5,1206102;2,9417100;2,4598801;3,7181301;4,3740301;4,2079000;4,8247600;9,7110100;2,0554099;2,7399399;1,2429200;-0,5715840;-0,0358152;0,2326350;-0,8053790;-0,7969310;2,9244499;-0,4696140;1,6640500;-7,3046098;-2,7531199;0,2159520;-4,3947101;1,4268100;0,5769630;-0,4098000;3,6417899;2,5284300;4,0164700;3,1403301;-3,1311700;0,8607310;2,1813200;1,6605200;3,1408100;3,3277800;7,0910702;2,8084199;-1,8421400;2,7732899;1,2371700;2,2451000;2,2433901;3,7246499;4,5758500;6,1801400;3,0295899;1,6192800;2,2275901;3,3445699;5,1486201;2,6332800;5,8938899;6,1894202;5,0810599;8,0758104;0,3686570;3,6624100;1,1664701;2,6194999;3,6452899;5,2419701;1,3380200;3,1071401;5,1682501;1,2672499;5,1248798;-0,5716400;3,0944099;0,7132360;5,0157499;0,0828826;4,0452099;2,5745299;2,8261099;2,6695700;0,5851540;2,4301200;0,8139570;5,3436899;0,6889960;1,8891600;1,2714000;0,8200600;4,1730599;2,8655500;4,0066400;3,8052499;3,4420700;1,1229900;1,6791700;6,8958998;9,6883297;8,9956198;3,3032899;6,4831901;1,8710700;5,8171501;3,1048801;6,6086702;4,3933501;2,4467299;5,7646198;3,8744400;4,0819702;4,9110599;4,0461302;3,7646999;3,9394600;3,1988001;2,1948199;4,6133499;4,8684001
1034970;10056329;434605,700000000011642;5704643,500000000000000;265,7000122;0,0000000;-0,4536600;1,9227500;0,8045640;-0,6267980;-0,1741910;1,2544700;-0,5175790;-3,2405601;-1,1904200;2,0893300;-13,6378002;1,1466300;2,1169600;0,8756610;5,0422902;2,2530899;1,7687100;-4,3098402;-0,2335030;2,7775300;0,5970880;1,8924800;3,3681099;2,9306400;0,3376260;0,7460180;-0,3968220;-1,4739100;0,5101920;-0,9666940;0,4627810;-4,4403200;4,0093899;6,1963801;4,7687201;1,1606100;1,5402000;1,6963100;0,5742640;3,4361801;2,6666601;3,2116899;1,1980700;2,0557001;1,3911099;1,0323600;2,0540299;1,6963000;2,3318501;1,4694700;1,0797900;1,7279500;0,6881340;2,7936399;1,7534000;2,0997000;1,4402699;0,2063700;0,8161360;1,4524601;1,2155000;3,6296301;1,7420599;5,8252802;-1,8638901;3,8770299;1,4216300;4,3199902;-0,4460910;1,7033401;2,2542100;-10,4617004;0,2578390;1,9197100;1,1787900;3,3420401;0,6575290;4,4169102;2,1629701;0,0657731;1,0317500;1,0906500;1,3719100;2,7687800;2,3544800;0,3594530;3,5893800;0,8685360;5,5199800;2,8266101;-1,1175400;0,9569000;0,3196610;2,8265300;5,8273101;8,9698400;0,3938680;5,8043799;2,2077601;-0,2156450;2,3936801;-0,0705031;9,6418104;-3,7573400;8,4600296;-0,1658570;2,6220400;-1,9467900;-3,6719100;2,0815301;1,5927300;2,5132899;-0,1893930;2,2276599;1,3663501;3,8650200;1,2920700;3,6355400;0,7415280;0,5892970;1,1905400;2,6379600;-0,4916780;1,1443501;2,6972401;0,9369660;3,9552300;3,0308900;2,6431501;1,6886200;3,2514601;2,9101801;2,1780400;0,1393020;3,8607399;-0,4693400;4,6449599;0,7126200;1,6233500;9,6604300;2,9121799;4,8028598;0,8430460;2,1019700;3,4739399;1,8831500;3,2920101;0,7806890;2,3529799;3,5325899;2,6468999;3,5892701;0,4264740;2,6628599;2,7352901;1,9556100;4,0121198;2,5653901;2,5010600;1,5226901;1,4823400;2,8157699;0,2834110;3,1199200;-0,1121700;0,6823160;0,9732570;-0,4323300;0,6845240;0,6976940;1,0031101;0,0189313;0,7801160;2,1602800;-1,4154600;1,2736900;0,4291480;-1,9704300;5,4233999;3,0272901;0,8646110;1,2799400;2,2787800;4,0356798;4,1991000;1,7856500;2,0438600;0,1036440;1,5196300;1,3383600;-2,3192999;2,1858399;3,1840000;1,9530700;6,2581701;2,1686900;4,5018101;5,5206599;0,5265160;6,0236502;6,1509700;0,7076610;2,5222099;5,4444900;5,2102499;1,9659801;1,8184900;2,8316801;4,1311102;3,1753500;3,5801499;3,2669799;3,2633600;2,1477301;3,4837301;2,9427800;2,9757099;3,2010100;4,0693698;2,4386201;2,9432700;4,0042300;2,9785299;6,2107201;3,7053599;-2,3062100;2,6675701;6,9033298;5,0404000;5,8382101;4,0247998;4,9447899;4,4648900;3,5452099;4,4749999;3,1665699;4,1244402;2,0041800;4,0766101;3,8009501;3,0260401;2,4123800;1,9516000;2,0676000;1,0232100;6,1095400;-0,0924886;3,4557400;2,6269500;2,7053800;0,4091450;3,7658000;5,1544299;6,2752600;7,5228901;6,4323802;5,9500299;5,9504099;5,0311999;5,8881102;5,8401098;5,3179798;4,3914700;3,9127500;2,6150000;3,2582600;3,1926701;2,9240899;3,2885399;2,5336800;4,0218801;4,3363900;3,8332300;2,4015000;3,9780600;3,1566100;2,3806500;2,6143999;1,9468600;4,1834998;2,8471899
1035088;10056460;434542,200000000011642;5704640,700000000186265;235,3999939;0,0000000;-1,5483700;1,2740999;2,0386300;-3,3807299;2,7743001;4,0167699;0,1952760;-0,1154420;-0,3617580;1,7344199;1,2633600;3,6495700;-0,1123670;3,8644800;6,6292400;2,9100800;0,9961990;1,4916101;2,8206000;3,1950901;2,4373801;1,1971800;-0,7656860;-0,1018830;-1,2196200;3,6657600;-3,1397200;-1,3405100;-1,6528100;-0,9834580;-0,2231970;-2,2780099;1,9676800;-0,8017880;0,3015320;4,9035001;3,8632600;3,6143999;3,0271499;5,9826798;3,9157701;4,1088700;5,0046802;3,1159799;1,5942500;5,0835900;2,0990801;6,7263498;6,3585501;2,6999600;3,7525599;5,5267601;6,1024499;-1,5078599;-0,3357250;4,9053502;1,8991400;1,4601600;1,5571100;4,5912099;5,0248399;3,4094400;-3,5320699;-0,4566300;2,1769500;-0,3491200;-1,4168000;1,0830200;1,2642699;-0,3406400;1,0549500;1,0059700;-1,4790601;2,6888101;1,1626300;2,2644999;-0,5097580;-0,8591820;-1,5776600;-0,9128850;4,6137199;0,9618900;2,3132300;-0,1397760;0,0020883;3,6319399;4,2267599;3,8031199;6,8816199;1,3139100;0,7611730;3,3731899;4,1964302;5,0035601;4,1525898;9,0103502;-0,3222080;3,1438701;1,9604800;3,6448400;-1,3034400;2,6124201;3,4013000;4,8757801;3,1433599;5,7168598;9,4272804;2,2631500;6,6054301;5,4657602;6,1617198;1,8215700;3,7995601;5,9181099;-2,6655700;0,1997170;0,0628774;5,3403401;1,8535300;2,7092500;-1,7069499;3,9661601;3,2103601;2,6447201;2,7801299;2,4978600;2,8818099;5,0405202;0,9203630;1,7326800;1,4985700;1,2144400;2,1249101;4,5209098;3,0047400;2,0145500;2,4881999;1,4307801;3,4118299;5,9309602;3,9786301;3,0094199;3,1882000;6,6574502;6,3836899;3,9074900;1,1857600;3,0615101;6,2428398;7,7436600;3,7875900;4,2304602;3,1003599;5,0172801;7,7141500;4,1530499;3,6956699;3,7095499;5,3819799;3,9709301;4,1748099;5,7063999;3,8100600;3,8365700;5,7657099;4,7183900;5,3032398;7,8484402;3,0784600;6,9892802;6,8353000;4,8166599;2,6594801;4,3218298;-0,4558090;3,7884500;2,4315701;2,0682001;4,0210500;0,8096840;5,5418501;2,1781199;4,3730102;2,2512100;2,1508000;4,0636001;-0,1932370;3,0538800;4,4747500;1,5443600;0,1967990;1,7654999;3,6332099;2,7225499;4,5611601;2,3456299;4,2131000;5,7772698;3,3819201;3,1184900;3,2657399;2,3116500;2,6431999;9,0071001;8,5261698;2,5818501;1,5063601;3,3260901;6,4339399;2,5565500;7,8865600;8,4720297;7,4477801;4,9340000;4,2756500;6,9377098;5,7749200;5,4256802;6,9886398;7,8570199;7,0233698;6,6427698;4,8451099;7,2456899;6,2893801;6,2875500;5,9271102;1,6588000;4,4122901;5,2452002;6,9580202;4,0177398;3,8646600;2,9315300;2,2587299;3,3220699;3,1205800;1,5611300;2,8001201;-1,6259600;1,0046600;0,3933370;7,6808500;2,4777000;-0,3261780;1,6449900;1,8497100;7,1610298;-0,4618260;2,6815701;5,7671499;2,3922300;1,7505000;3,7247801;4,3607202;3,5985899;3,7821701;2,1302400;2,0526700;8,0795298;6,8523502;7,6250200;3,3502600;8,0910997;3,5192201;3,1418700;7,0088601;8,6804600;4,1709199;4,2880001;8,3061895;4,8266501;2,7893200;3,4223001;5,6509900;5,2403598;2,9924500;6,6636200;6,2792802;-1,5956100;8,0551596
1035220;10056606;434622,299999999988358;5704667,299999999813735;241,0000000;0,0000000;-0,9450440;1,1927900;-0,5603080;-1,3214099;0,6058860;-0,1527360;0,8319920;2,6771400;0,8649050;2,6116099;2,8779900;3,2235601;2,9825101;2,1918499;3,5434599;1,4035200;1,2225699;-0,2248490;1,7646400;1,1363100;0,2096660;0,0757494;0,9345360;0,3115090;0,4696100;1,2325100;0,9834690;-0,7438660;0,3753770;4,2773900;-0,7314450;0,6952830;3,8634300;2,3426600;1,3622600;3,0069101;2,1063099;2,6005900;4,5868602;2,0267200;2,4476500;3,8215101;2,7316999;2,4207001;4,5283198;3,3350401;2,1354001;2,8259399;3,2939899;4,8791599;1,2731700;1,4584200;1,8098400;-0,8467480;-2,9330201;1,4212400;1,5718600;2,2201800;0,2531440;1,9510500;2,7256000;2,3146901;1,3925500;2,2441399;1,9791900;1,6281700;4,3549700;2,0806000;2,1739600;1,0132700;2,0478699;2,1849401;0,7400800;-0,1321010;2,5508499;1,7522900;5,7366700;2,4591501;2,2133000;3,2617099;4,9643898;4,1393299;4,9281802;3,0045700;3,3511200;3,7944200;5,5692301;4,8409500;5,2083201;5,7579198;3,8204501;8,0014095;4,9165201;5,1883101;5,1224298;12,3270998;4,0786300;6,5642400;5,1770101;3,8309200;4,3116398;3,9005799;5,6398301;6,0131102;5,0662398;4,3382101;7,2109098;3,8777101;3,6423800;3,2013600;3,0923901;3,6106501;4,7558498;4,1375799;3,2841301;3,1113901;4,2428899;2,0150001;3,4986000;2,0257299;0,9519510;0,8439030;4,7011700;0,7258110;3,4196301;1,7717800;-0,1158620;1,7656400;2,1503301;4,9124398;1,9420500;4,6188798;1,7910399;3,0116200;2,8331201;3,1606801;4,1492701;1,7423800;2,2639899;3,9996099;3,5258601;4,6308699;4,2301798;3,4469500;4,3678999;2,1419301;4,5690498;4,1261702;4,5772700;3,9588001;3,8207700;4,0114002;4,2505798;4,8412800;4,5343399;4,7679300;5,1701298;5,6947098;6,7335901;5,3193302;4,5374098;6,2380600;4,2859702;3,8095100;4,4644198;4,1691599;3,8490300;3,6937599;3,4544499;3,7631700;5,1388102;5,8432202;3,0850699;3,3612199;2,1117401;4,1059999;2,7956300;2,6032500;3,2483301;3,4683001;6,4961300;3,0287099;2,2435300;3,7480600;2,0295000;3,1249199;0,9890970;2,6176901;3,8393900;2,2018800;1,6109400;1,3976500;4,5667801;0,7522510;3,1111400;-0,2626060;2,5332000;2,6525800;1,4429700;0,4042360;6,4272599;0,3550900;0,2372190;0,2504630;5,6978302;6,0210700;7,9782701;2,5425601;4,1339202;3,7821100;4,4751601;7,3641300;5,0006499;2,4373400;5,9841800;5,4804802;4,1549501;2,8292601;2,2666099;2,6538601;5,2200899;4,8330898;4,6557002;3,7715199;4,1574402;4,3209100;2,9389200;2,8267701;3,8938301;1,5311700;5,5701799;0,5089450;3,7615800;3,4007101;2,6188400;2,0755601;3,8987801;2,4986401;1,2623399;1,4640200;0,9476560;1,8846200;2,9657400;2,2412701;2,7563801;2,5423999;2,5623701;-0,0913868;3,3289900;1,8147500;3,2111199;4,7202101;2,5811300;3,0312700;4,0537500;4,0342002;4,5193400;3,6002700;6,0289302;4,6243300;4,2716899;3,9012001;5,0451598;6,3728900;2,6237299;4,3833098;5,3449502;5,8998499;3,3718700;4,3679600;8,2890100;5,0770302;5,0126300;3,6846001;3,0731001;4,7639298;5,0057302;2,7774301;4,8171802;5,8025799;2,6873500
1035221;10056607;434647,500000000000000;5704676,099999999627471;256,7000122;0,0000000;2,1016400;3,5184000;2,0836201;0,1253440;0,7670440;4,3787198;1,4723600;-0,0647364;3,0316999;1,0413400;2,4174700;-0,3121510;0,1044380;-0,6457140;2,3758099;-0,1348780;11,1204996;1,0273900;1,6543700;0,4051530;-0,8871770;-2,1099300;0,5394860;0,4046450;-0,3122440;4,9393101;-0,1974650;3,6256399;-0,9238210;-3,1782899;-1,1095901;1,9821301;7,5167298;2,6872301;3,4695001;7,2195001;6,0494399;7,5994701;7,3014002;4,6002102;8,2571096;3,8761201;7,7464199;3,5391600;6,6018000;-0,5492080;1,5084200;2,9063001;4,5791798;1,4833800;5,1075401;1,5862700;5,4561000;-0,7097970;0,6601110;1,1438900;1,5835900;8,1327600;1,8691500;4,4145999;1,8463900;1,0250500;5,3710999;3,5655301;1,8868500;-0,8567440;1,2193300;-2,1062200;3,7532799;-0,7942060;0,1869110;6,4393702;1,9127899;3,8333600;-4,8755398;1,8936800;0,0555301;-4,1606398;-1,3720900;-1,1782300;6,1679001;3,0542901;3,7238400;2,7723200;-2,7651999;4,3973098;2,8425000;-0,9352080;5,1763601;0,6851450;3,6069500;-1,0827301;14,8284998;9,3350496;-0,6108940;8,9751997;0,9989150;3,5830500;5,7894902;4,7128000;0,5804090;1,6668000;0,9747570;2,4657900;2,9645300;3,8816600;4,3319502;1,5410000;2,7671101;3,7715299;1,9897000;1,8019700;1,2276800;1,9073800;3,5906899;-1,1098599;3,0183001;1,2035300;0,8511000;3,6632800;-2,4004600;-0,7610550;1,1644100;1,8858600;-0,0713000;-0,4772950;2,3325000;1,6583500;1,9380000;11,5466995;1,3504100;0,2353320;-2,1500001;2,8665900;-10,2461004;-1,4430701;-4,0196300;-0,5336840;2,1926899;10,1246004;9,3082504;4,6875801;0,6263900;16,7103996;-5,8328500;-3,9255900;13,7061996;1,8640100;-0,2072160;5,1532202;2,5791399;5,9427800;1,1723000;1,4259300;4,2667999;1,4391700;7,5006900;1,9201400;4,9387999;4,1499100;9,5561895;8,1997700;2,3051801;4,2191501;3,8607099;4,1039801;2,4301100;6,4641399;1,7545600;4,0335698;4,0448399;3,8372500;8,7137604;4,5134702;4,2460499;-8,6217403;-0,6849060;-1,4270800;1,1400100;2,2192400;2,7857900;-1,6772000;2,5342000;2,8962400;0,5378640;3,1692500;0,8074440;1,1870300;-1,7170500;-0,8485790;5,0702600;0,6985420;0,1087440;-1,4256901;0,1072060;10,9935999;3,1365700;4,6813898;0,1842850;1,1212900;3,4653499;-3,2894599;1,3519100;4,3516202;1,2996401;11,5946999;3,3259399;7,2532902;8,5437603;8,3230200;8,6125202;9,8958502;8,5999899;2,9873700;7,5825000;8,6432695;5,3302202;7,2189598;5,7149100;6,7393899;6,1114101;7,2753801;11,6608000;7,9051199;4,6138802;8,7871199;-0,0476327;2,9243801;4,5090899;4,5693698;7,7396898;5,1134501;3,3838999;3,0232000;10,2391996;0,4937150;7,7518902;4,3593702;6,9488602;2,2925701;9,8694496;8,0543604;8,3177996;4,0364299;4,2167401;7,7389798;4,2816300;0,5356190;7,4749899;-17,9673996;6,6181502;7,3781800;4,5753298;7,1641302;8,6249905;11,1597004;5,6573701;13,4568996;5,1873899;10,6306000;9,8294096;5,5295000;11,4755001;6,0334101;10,3167000;4,8101301;3,0234799;10,7558002;7,0136600;9,3458004;12,6190004;8,5356798;5,5917702;5,6126699;5,2885098;5,5426202;8,0061302;10,2222004;8,3697901;6,3807702;5,7986202
1035339;10056746;434648,799999999988358;5704684,000000000000000;246,1999969;0,0000000;2,3483601;-0,9173770;1,2819800;2,5227799;1,2063700;1,8782001;1,4742100;0,7588390;3,7655900;2,6498899;5,8133402;3,9145401;3,2797101;2,4637899;3,2304299;2,5513201;2,5963500;3,9690499;0,7981910;2,2767999;0,3605560;-0,0611959;1,9484600;-1,9134001;1,2047499;-0,1158290;0,4203590;2,1788700;2,4133101;0,6409540;1,3109100;4,2410202;1,7530400;1,9319000;3,7437501;-1,0426000;-0,2935560;-2,3880301;3,5875599;0,0822802;1,4328200;0,2281230;3,6182301;1,0382500;3,6075599;1,8182200;-0,2458390;1,4763401;0,8424180;9,4909000;1,2307500;0,1681960;-0,0920496;2,6240599;1,9133700;-0,7474920;1,5639200;0,5605040;-0,1433800;-0,7804790;-0,2641160;-1,7413100;-1,9813200;-1,7417099;-0,2388520;-0,7161840;1,7859800;-0,2794080;-3,9684100;4,7867799;-1,2448300;-2,3505299;-0,4743680;0,3124140;-3,0601399;5,4556999;1,3029900;0,8506020;4,1330500;1,7492501;1,9317700;3,3123600;1,1121500;5,8993101;3,3509300;4,6529498;5,1823101;3,0453300;2,4276900;2,8082800;-0,3898020;1,2721800;1,1583400;-0,8401560;1,3469900;-2,2310200;1,4040500;2,1892099;2,8989999;6,8368902;1,1851200;2,8462601;2,3770199;0,0232353;-0,6915210;-0,3247300;0,3964560;-0,0099049;1,0160800;1,8775500;2,2783301;2,3163099;1,8024900;0,1192040;1,0922900;1,4655700;-0,6635720;0,4057520;-0,0892525;-0,4834990;-2,9557600;1,7700700;0,8025110;-1,4082299;-1,6031899;2,5233400;2,5610499;2,0049300;0,3883340;0,0350809;1,9235600;-0,1754380;-0,5571950;3,1765201;3,7913101;1,8842500;4,1157899;3,9388700;1,5396800;-0,6773100;0,6555420;3,8209600;3,3282499;-0,5642260;3,4656401;1,7186400;3,5282199;5,3132601;1,1309100;2,5878501;4,2917099;4,5622702;4,4311700;4,0450602;8,0227203;3,0073400;4,6831799;3,2953000;3,7177801;0,1990020;5,9657502;4,3061399;4,2270799;-2,4956400;1,5538100;0,9064850;2,5288799;3,4478400;4,5660601;2,4082999;0,9877350;1,2943600;1,6684700;2,9998000;1,2395000;-0,0514235;3,7101099;2,7522900;-2,1227400;1,2997900;2,2416201;1,6682700;1,4706399;3,0758600;0,9054620;2,9309499;3,4491100;1,3825800;3,0058801;2,9257200;-5,5505199;-0,9820630;0,3206290;1,9933000;-1,6929801;6,6867099;-1,5724000;4,2652998;3,3840499;4,4957199;3,7217700;4,2846198;7,6193600;4,0823302;5,6692500;5,6454101;5,3622999;5,4214702;3,7384801;5,0746298;5,1657701;3,2516699;2,7050400;7,4580402;6,6341400;4,5575800;3,0839901;3,5237801;2,0904701;4,7709799;4,0303702;3,4653201;4,6369100;5,2006898;3,1188300;4,6705399;3,5896001;2,2696800;2,7146900;3,6631701;2,0718200;3,4094200;4,7971902;4,8286300;4,4252100;2,9738100;6,0356698;4,2598701;5,1467700;5,7693200;2,8879499;3,6117101;0,1682680;3,0028300;3,0624299;3,8225901;3,4427199;7,6507101;2,8701501;5,4539299;3,2154100;2,6363900;6,9746399;3,9931700;2,7768500;5,4429498;3,8613701;4,9971299;3,3575499;6,1497998;2,6881199;2,7959700;5,6664000;3,1723001;6,3270202;4,8757200;3,3630600;5,6328201;5,0457301;12,6807003;7,1474400;3,8086300;3,6871800;3,4370501;3,9654801;4,7638302;4,5177999;4,8008800;2,7118001;4,5886202;2,9691200
1035340;10056747;434675,000000000000000;5704691,099999999627471;259,3999939;0,0000000;2,2941301;2,9491899;1,1000100;-1,1475199;2,1044800;7,6695099;2,6613901;0,2256600;5,1874099;2,1094000;5,1993799;3,0945499;3,6652801;2,7477801;5,2106600;6,7963400;5,5171700;7,4111099;0,7031880;-1,7896600;-1,3027300;-1,7291800;2,4107299;2,4099200;6,1107101;-3,8004000;5,7904000;2,9663999;-4,1265502;0,2065310;1,3494900;0,5301890;6,4778600;0,5200930;3,8823800;1,8240300;3,7975299;3,9088199;1,6581300;7,1101699;5,4828901;5,7306399;-4,0948801;0,7521060;0,2861760;-4,0244699;3,5103099;10,6224003;7,2693400;0,9756380;2,7157099;2,9225800;9,9854403;-5,8990798;-0,5250620;7,8927999;3,9684999;-5,8144898;6,3974600;6,8786998;6,0458598;2,5320401;-6,8605900;6,2670398;6,3223400;-0,4890170;-3,0949399;0,8031750;4,6918201;1,6962500;5,0080600;5,2526999;1,4331000;2,0152400;15,0309000;-1,7570601;1,4963900;-2,2656300;4,6329999;2,6159101;4,1639600;5,2259498;4,1909399;3,0382199;3,5679200;-1,9686500;5,2448301;-1,0904300;6,2225800;3,6573701;4,6893201;0,6220620;-2,4265299;6,6375599;-0,1390470;5,0299201;-8,5439997;1,8275200;6,3457298;7,9613600;1,3463200;6,6164498;-3,0651300;-7,9091802;2,9604800;10,0328999;2,2179899;-6,7159700;12,2488003;12,4931002;10,4757004;-4,6830902;0,8527980;13,1836996;-1,6825500;8,4734097;7,4399500;10,7600002;16,4463005;1,1832401;-2,1901500;2,9828401;5,7608199;4,1631298;12,4757004;1,3362700;4,2788901;2,5934701;-0,3355700;0,8671080;2,0072899;1,6713099;2,8195100;3,1346700;7,8312101;-0,4355230;-1,5600400;-1,7376300;-1,3847200;12,2407999;9,3389902;3,5583899;7,0469198;2,4025099;7,4160299;2,3495700;5,3630500;5,8269801;3,6578400;5,3264499;3,9423001;2,7194500;5,9236698;3,1696401;8,0600100;-2,0608699;6,4661398;-2,6148500;4,5627699;4,8163900;5,9787998;6,2747202;3,9327600;0,5988100;4,0334802;7,9278898;2,3085201;3,9209900;3,6499100;13,0292997;3,6933401;11,2341003;5,4748998;13,8472004;21,6779995;2,8107700;5,5046201;1,0006599;3,1490500;1,3647000;6,3750701;3,2065899;4,1750898;3,7013600;0,2122770;6,8414998;-1,3990000;2,8032100;6,6377201;-1,8950599;6,2324800;9,2529898;5,8174601;8,9059200;8,6496801;6,5215402;13,5016003;6,1037302;6,4101901;3,2117400;5,8349800;-3,0588300;4,3521199;6,2560802;7,0586700;5,4086599;2,0126200;6,2736602;7,3813200;3,4977801;3,8327601;8,7429504;5,1954799;7,6606398;5,2432899;4,0800099;-8,1722698;7,1461401;4,1962700;8,4573202;6,2029500;10,7467003;1,6255000;13,8990002;2,1289001;10,2542000;-2,4757900;10,9293003;6,7569199;13,9429998;10,1791000;0,8625550;10,4209995;2,3913300;3,9210601;6,1199498;3,6876400;-2,5840800;2,5636401;-5,7027998;3,3186200;5,6425600;3,9978499;5,7288799;0,9321010;3,2307301;2,4266400;1,2523100;1,1234200;3,6028199;3,6912100;-0,4153890;-3,6960101;5,1513000;1,0949200;4,4391098;3,2737999;4,0940099;5,7639298;-0,3769690;7,0139899;5,9257598;4,8683100;6,7358198;4,9933901;6,6363802;4,7500801;4,0768900;8,9988098;4,8259001;6,8086600;5,0084901;4,6095500;0,6307270;6,8007202;3,4813700;8,2855501;7,1499901;2,9961700;8,3949499;3,6851900
1035459;10056889;434651,700000000011642;5704693,500000000000000;234,6000061;0,0000000;2,2081800;4,1261101;6,8256898;3,3160701;6,4947100;7,2005100;8,7454100;4,7931499;6,7248802;8,9062595;9,5949697;9,2599001;7,3409400;5,0356102;11,9526997;11,0031996;7,2588100;8,9674397;9,8673697;13,4975996;9,1476402;7,9897699;8,3380404;8,8142900;5,7082701;6,7972999;5,5931602;13,4895000;2,8382499;7,4029598;9,1606302;7,1204400;7,7830801;9,4652700;8,4539299;10,6943998;9,5788498;13,2194996;9,6322498;12,5086002;11,5813999;12,6478004;14,8943005;13,1396999;15,6233997;12,2983999;12,8929005;12,5854998;12,1788998;8,7466297;10,4574003;8,0347300;15,5871000;10,3323002;15,9591999;11,4715996;7,4316502;7,3381901;12,1401997;13,2179003;13,4328003;11,2411003;10,5747995;10,4272003;9,4663296;5,3421602;6,8697500;7,7438202;10,8998003;9,6043301;8,4017096;7,8823400;5,1409702;5,9183998;5,4477100;8,1615496;10,2860003;8,9316101;7,1681800;11,5080996;6,4833398;9,5629797;3,7683101;10,5452003;8,1829500;11,0129995;6,9270101;5,5314298;8,3546896;8,5395498;7,4375300;9,5356598;7,6685200;9,7753096;12,1387997;6,7358499;7,4284701;11,8885002;14,6057997;9,3781900;15,5599003;8,6472902;12,6745005;11,9832001;8,2099400;7,1410398;11,9780998;9,9961700;18,2777004;9,4735098;5,6572800;8,7110996;10,0185003;11,0977001;9,7997198;10,6232996;13,6580000;12,3275003;12,0355997;6,5768800;3,9726300;14,1078997;9,9841404;1,9804200;11,8008003;10,4766998;13,7279997;5,0735202;6,0091801;11,9238005;13,8477001;21,7050991;3,5180800;14,5084000;3,6073301;12,1759996;12,8965998;7,1534901;10,3832998;11,1732998;15,5818996;9,5229301;4,5839200;3,6561699;12,0361996;11,1604004;11,1757002;9,5906496;12,9337997;17,0391998;7,8627801;7,7629399;10,5123997;9,6682100;3,4811599;1,2971700;13,3736000;15,3395996;15,0518999;12,5900002;18,2730999;13,1688004;13,6384001;14,7160997;11,4821997;13,2694998;15,0930996;8,5621996;12,3611002;13,5576000;12,7987003;13,4783001;11,9535999;11,8316002;14,4506998;12,4956999;17,0380993;9,7000399;12,4687004;12,8657999;13,7854996;13,3408003;12,9413996;12,4924002;16,6208992;11,6177998;13,3807001;11,2961998;12,9808998;15,6517000;10,4334002;13,1726999;10,4094000;21,7702999;18,8041992;9,7078505;10,4500999;12,3058996;5,7702599;-1,1253099;8,0727396;10,5270004;9,4510698;1,7741700;11,9411001;8,2350597;5,2863202;9,9573498;11,6433001;7,3321600;12,4498997;7,6372800;9,3226004;7,0000200;12,3318005;9,3941097;10,2999001;11,7728996;11,6036997;10,8164997;13,1960001;11,5051003;12,1606998;11,9841995;14,9560003;19,5319996;10,5162001;7,6844101;9,3930502;10,3831997;5,3050599;9,4071198;6,2872500;11,8004999;7,6804399;7,9702802;6,4563198;10,9709997;5,0866699;7,0883398;15,7505999;4,2227898;7,8858700;7,3390198;8,7582197;9,3013601;4,0977302;7,1169801;8,3674803;10,8227997;7,4287601;9,5201302;9,9713001;6,6348701;8,8119698;9,0706902;8,8025703;7,6396298;12,1770000;8,5948000;7,4461002;8,1013298;8,0996799;7,4308100;9,4082899;7,2948399;9,7114897;9,8950100;15,1295004;11,2832003;18,6905003;15,5375004;10,3357000;13,5808001;14,2044001;8,0151196;9,6227102;11,9572001;12,8008003;10,4292002;11,7887001
1035460;10056890;434675,299999999988358;5704698,799999999813735;248,3999939;0,0000000;1,6639400;3,2154100;2,9588001;0,1466860;2,3646801;-3,2713201;-0,5321250;3,5700300;5,8718600;4,2719798;3,9316499;3,0447700;4,7646399;5,1720700;7,1603599;2,7256300;11,2643003;3,6742499;-1,4974800;5,3310399;3,6301200;1,8993800;2,0670800;4,7164798;2,7381101;7,0723801;2,5867100;-1,1612900;1,3859800;5,1376801;1,8370301;2,8446100;0,0891528;2,6590300;4,3620000;4,0225101;4,0814700;2,9250000;-0,7832370;6,3820300;4,3016200;4,7925100;3,7643099;4,6162801;2,8377900;2,9516201;4,8996902;2,5517001;5,2437201;4,2632298;2,0532899;4,2237301;5,4565401;5,4625502;-3,1533301;5,0449700;3,4628999;4,3880701;3,2263200;5,9942598;6,7918501;5,7759500;1,9017900;6,2582798;2,8393099;3,1705799;-1,4215200;2,1093900;5,9810801;4,0149202;-0,6817650;2,4541900;0,0115566;2,3495200;2,7223799;1,0527500;4,8595901;1,1480500;-0,0156715;4,3781199;5,1017499;3,1302099;2,3141999;3,9191401;2,9493899;1,7098500;8,7961597;1,1820400;5,0362902;3,6027901;0,3697600;5,9580698;8,8955898;7,2905698;4,7961998;8,6206903;6,2998300;6,4067602;6,4588099;7,6614900;5,3856502;7,6353698;9,1607103;8,1583595;7,2989802;6,0251799;7,3771701;5,0658798;8,2290897;4,9001298;6,8182998;4,0193000;5,1141400;5,6280899;7,7413201;5,6515899;4,2259102;4,7715101;4,2579198;4,9200401;2,5052700;4,6823001;5,6580901;3,8823600;3,8104200;3,9647400;4,2081299;3,1896100;0,0608029;7,2736001;0,6303110;3,1967101;0,8740740;1,3513200;0,4693030;-1,0474401;3,4952600;5,1249299;6,0396500;8,0817299;4,6407499;5,2561302;3,7676401;0,0692887;2,8289299;2,9007101;6,7552600;7,1533499;2,6111200;7,5827599;3,0683899;2,9685299;3,9095900;4,4011002;4,8956499;1,8905801;5,2539401;0,5599850;4,0196400;5,8344302;5,7365398;6,8514199;3,4657300;5,8334098;5,9308500;5,7966599;4,9548898;7,1718702;2,8893499;6,3220201;6,7197499;5,1214900;6,0074201;3,4177001;7,8607302;6,5222402;-0,2018190;6,0134101;4,1608000;3,9998100;5,0258498;1,4505900;4,0925899;3,0112300;5,6455202;4,5331302;6,1523099;1,3825400;12,4001999;2,1246800;5,0084400;8,3809605;6,1207900;6,6419401;9,2232504;6,5057998;3,5520201;7,6266899;6,0003901;4,0368800;5,2304502;4,0838599;4,3990302;4,1354299;7,1634102;3,5898299;5,4140000;5,2377300;5,4398999;4,1210399;7,5319800;5,8558602;6,6585598;5,0830598;4,5324702;6,2264099;3,7729800;5,6848798;5,2278099;7,3778300;5,5986300;8,4683704;1,8336500;9,0407000;5,0221500;6,8491001;7,5939002;3,3627100;4,9177599;0,0805147;2,5505199;3,1854200;7,5106401;2,8567600;5,0322399;4,2222400;5,9186802;-0,6900840;5,4102702;3,3729401;1,9248900;3,4583099;4,9822898;9,6502895;2,1626699;6,0069599;1,2293500;3,4775801;5,8991199;3,1080401;1,2153400;1,1476300;4,3856702;4,2268100;6,3136301;4,4034300;6,2969799;5,9163599;5,8647900;6,4256101;5,9694700;6,2742901;6,6616502;6,8356199;4,0481200;5,0773101;5,0700402;4,7649999;6,0303602;4,3677101;4,2118902;8,1322603;4,6198802;4,5259299;6,4098902;7,9588399;5,0821400;4,2256398;6,3151999;5,6101198;2,0772800
1035599;10057040;434679,599999999976717;5704705,299999999813735;244,1999969;0,0000000;-2,4751899;0,9976060;0,1942850;-0,9139420;-0,6601510;-1,8433200;-2,8367400;-0,2258150;1,0984000;2,9719200;-0,3936290;-0,6839550;4,0876498;0,8275520;4,0243802;2,5459099;-0,2929890;3,8514299;-1,0983599;0,8048160;-0,2407580;-1,6920900;0,2217000;1,4071900;0,7245460;0,6624920;-0,0214267;-1,8407600;-2,1624801;1,3209701;-0,0896503;0,0191793;-0,7172990;0,5841300;2,6194301;2,1002500;1,8914900;1,9173200;-1,3071400;-0,0079536;1,9261800;0,8695160;0,0777398;1,0134100;0,9645810;-0,2290940;1,8137200;0,9751810;1,1471699;0,1028720;2,3563700;0,2493790;-2,3793299;-0,7796070;-2,9583099;0,4468830;0,9552050;-0,1193790;-0,7981330;0,7196900;0,2064550;-0,4080190;-1,3061900;-0,0240306;0,0648826;-1,0268900;2,2460201;-0,0646695;0,1654700;-0,7132930;-1,2559299;-1,0031199;-1,8169100;1,9865201;-1,5777400;-0,1996700;0,5265920;0,1275550;-1,9809099;3,0561500;1,3495500;0,9896900;2,1417999;2,0428600;0,2543700;-0,9530620;4,2946801;1,3035200;3,2689500;1,7098200;1,3463600;2,0888000;-0,2755060;3,0859101;0,1824730;4,2045398;0,6392090;2,7309599;2,2987599;2,6340799;2,1065500;2,1791000;3,0597899;2,2388301;3,2711201;1,8492301;5,3713002;1,1346400;2,2375300;1,0085100;4,5992799;2,9035001;3,0152199;3,0058100;3,1931500;0,1446140;3,1242700;1,7861300;1,2114100;-0,6127720;-3,2681601;0,1701200;0,9233410;2,2666700;1,3982500;-0,1557300;3,3719299;0,9760160;0,4249260;-0,6780720;0,3082250;2,8352201;1,9632900;0,6741010;0,6521860;1,3816600;1,6606400;-0,3846140;3,5633199;-1,4235801;0,7719720;0,1303240;0,5467390;0,2903760;3,1702001;2,9964900;2,2618699;-0,6006710;2,8870699;3,1768501;1,6486000;1,1197000;0,6303370;3,7695799;1,8658800;2,0660999;3,2074001;-0,5468650;-1,4804300;-1,5034600;1,9268301;-0,8606070;1,4283500;2,0803101;0,7105280;0,5353690;-1,9700000;1,7898901;-2,4821999;1,6395000;0,7755770;-1,2296200;0,3515570;-1,4941800;-1,3739400;1,1188700;0,9706010;-2,7256701;-0,4718740;0,6713580;-2,0749900;2,1219800;-3,1299100;0,9671820;1,0928500;-0,8630490;-0,7687530;-1,0562400;0,2315910;-1,3835000;-2,4463401;1,4450001;2,7858200;1,2428200;1,7789600;0,8161910;-2,4612701;6,8805199;2,7697799;1,2297300;4,3754902;2,5843301;2,0912299;4,6712699;5,0094299;1,1812800;0,8476950;0,4225140;2,5877399;-0,8344920;2,3131599;3,9513900;0,5734620;3,0422201;2,9221799;0,6313580;1,9802300;1,5569299;3,1333899;2,7217300;2,7725599;2,4744201;2,8379400;-0,0089489;2,7970200;2,2819200;1,3665800;0,0552061;0,4375250;1,7153400;0,2171980;0,9401450;1,7203200;0,4408140;1,3977200;0,5583180;3,8164101;1,8225400;4,3159599;1,7131100;1,4500000;0,7213200;1,5782501;1,9614300;3,3836601;1,8461000;-0,4392030;2,8722999;1,1851799;4,6205101;-0,3267090;2,5590701;1,4020100;2,5398700;3,1879301;3,1400101;15,3319998;1,8669300;1,9578600;3,9254200;2,9186001;2,5289400;1,8305000;0,9729120;4,9533100;2,7608399;0,7346490;1,8063800;3,0103600;0,7462140;13,3532000;4,1283002;3,4128699;3,4177301;3,8748901;1,8188400;-0,3848900;2,7105999;2,7453201;3,0074401;1,5736500
1035600;10057041;434684,700000000011642;5704710,599999999627471;242,1999969;0,0000000;-1,9394500;2,6593201;-0,0671806;-0,9730220;-0,9809540;-0,3244870;2,4306901;0,2524670;-1,5943800;1,3138601;2,0193501;2,4702101;2,8373699;-2,7973900;1,1476200;4,6164498;4,6488199;3,5891600;6,1069598;2,0306301;0,7858910;0,6565460;1,3949200;2,1174300;-2,2736101;-3,6215200;1,7853400;-6,3659501;-2,6023500;0,4111360;0,5605360;0,4737070;1,3001000;4,8332300;5,9057498;2,5145500;3,4349101;7,3709698;11,9686003;2,0843000;3,6067600;3,5786400;1,0981600;0,1175170;2,1696999;1,1964000;-0,1125300;1,3907700;1,6600000;-2,1659000;0,3870320;0,2533870;0,9527240;-2,2030699;-1,0075700;-2,6570499;-12,0042000;2,6431100;-9,9250402;1,8225200;0,2125250;-1,6927700;-1,3387300;1,2183000;0,8298800;-1,0438900;-1,6988600;-2,3909099;-8,6661396;0,0919514;0,8327250;-2,1693900;1,0610600;0,5301990;-2,3143499;0,1133800;-0,0224600;0,1668620;4,3145700;1,9494100;2,6652400;-2,1985600;3,8895199;4,9721098;1,4458400;0,6185480;2,3191800;0,5736370;4,0393500;2,3182001;-0,0775433;3,0930500;4,6698799;4,9063501;4,8008599;-2,6357601;2,6680400;1,6579601;4,3000202;6,9460602;1,4434100;1,7101901;1,2501700;2,6898601;1,9294100;-1,0142500;7,3324900;0,4451260;3,2728100;1,6389400;1,2549300;1,6911900;2,4613400;1,5143600;-3,5531499;1,9132600;-3,4281800;2,2766900;0,8573110;1,7955900;3,7825401;0,4733620;3,1889701;0,8199800;0,5605830;1,3218600;3,8780799;1,4448800;0,0159216;0,8770610;2,1032400;-1,7313300;1,8617300;1,4246200;-0,6460610;1,4290900;2,3141699;3,1357601;3,9152000;0,8708780;-0,3732780;3,4390800;2,4653001;0,6312430;4,7920499;2,1534200;5,5642900;-2,7660401;2,7254400;1,1407700;-0,6185310;2,8839400;8,8645296;2,9697800;9,6542196;1,6088099;-5,5208602;1,6190000;2,8255899;3,3599899;2,6839199;6,8135300;7,1153598;8,4825001;6,1303601;5,0106301;8,7717505;2,5322700;1,4415801;6,1663799;0,1625590;2,0585899;-2,0607600;-3,0077701;18,2289009;4,6692100;3,1968300;0,7574280;1,6824700;-1,5595000;4,9301500;1,3283200;3,2770901;1,4045100;3,9452901;0,8502820;0,4264020;-0,4060130;0,9590680;0,8497620;-1,2411300;3,0098600;2,2551401;0,3592920;4,0816698;0,8984120;3,1883299;7,6318402;4,4564700;3,4188001;2,4161799;7,6012702;7,4109201;5,3832002;2,3673699;5,2801700;-1,1968100;9,2768002;1,1316100;7,9106598;1,4309800;-1,4938700;5,9792299;7,3137999;4,8933501;4,7407398;6,0860000;4,0714598;6,4890299;4,8148098;10,2960997;3,3160100;5,3374300;2,5976300;12,7741003;3,7975500;-0,7091080;3,4204800;6,0140600;4,5986099;-0,2835200;2,0379400;4,3636799;5,8489599;5,9714899;5,3847899;3,6982200;4,5647402;2,9636099;0,2265270;10,8125000;4,8600101;1,2507700;1,5870700;3,4839699;6,2417202;4,4546599;7,5689101;4,4648700;4,3035898;4,0895700;8,6155901;6,2324901;5,1478901;6,2508898;3,8200400;3,0717001;6,7375898;5,6336999;3,5234301;5,6694498;6,3640099;3,9212799;1,2712600;5,1381202;5,8558202;5,9463701;8,3224697;2,8284700;5,4282899;8,8866997;7,9245400;3,2846799;1,8808000;3,9792099;4,9156799;5,7433100;4,9413500;3,1216700;5,3772998;1,2989700
1035727;10057190;434684,500000000000000;5704713,700000000186265;235,6999969;0,0000000;4,8575501;4,6068401;4,8188100;4,7893600;2,6648400;7,6356001;4,4731898;8,0758696;8,2115898;4,1160698;7,0222602;6,3841300;8,0931797;7,8019199;7,8311000;8,9485703;8,2347202;5,0549102;11,9849005;7,4735298;5,3270798;7,4898000;4,4427600;4,2684598;8,0508900;7,1808000;5,6434999;8,6415005;4,8235798;11,3024998;9,1159096;4,5857201;7,4174900;8,2574701;11,8077002;12,2869997;10,5437002;8,1195297;8,5178204;10,4021997;9,8536396;9,3657503;9,2250605;7,8443198;6,0716801;8,2701502;7,9083900;9,3860903;9,4855003;7,7445102;9,7143202;8,0551796;7,0574799;7,5230699;3,3757701;7,7101102;7,7091098;11,6246996;8,4004097;7,0917101;8,6675501;8,1420403;8,3068800;7,6373701;7,5674500;7,8813000;3,9893200;6,1910200;10,7591000;5,6780901;8,5889397;5,8720899;6,2900901;7,6932802;5,8443699;4,8169398;5,1986399;8,7846804;4,1850700;5,5936999;8,2566900;5,3938699;6,2925301;8,2939701;7,6462402;4,3902798;11,7061005;7,9007201;7,5537000;7,9751501;6,7462702;6,9514399;7,3297100;9,5464802;6,9655399;10,5388002;7,9100900;9,0232801;7,4053102;7,9374599;7,6730099;8,5914497;11,3902998;10,3081999;10,8486996;9,3706398;5,0698299;9,1479197;10,6421003;8,8977900;9,5384998;7,7132401;9,3367004;8,2329597;8,3663301;7,0202298;3,5910599;6,9033799;6,3523302;5,1909499;5,9232702;6,8886600;8,4228697;11,8635998;7,5086098;6,9478898;5,3327198;8,4596500;5,0578499;6,3452101;6,2068100;2,2899301;7,2781701;7,3834100;6,3931499;7,8407698;7,3446202;8,8706102;11,7109003;7,8847499;8,6064796;13,2004004;9,5405703;9,4825001;7,0181599;9,4500399;9,6176500;7,5310102;7,9337301;4,5525398;8,3119402;8,4378300;7,1980801;8,4560204;9,1817703;9,8580704;6,9766402;10,3788996;8,6069298;9,5367403;10,0706997;7,6760602;8,2409801;11,0022001;9,0498600;7,7092400;8,2648802;7,3982801;7,1442900;4,3998299;6,2444601;2,8024900;7,1108699;3,9316800;6,7067199;3,5965600;9,6537504;7,6757002;7,0479498;8,0809698;6,1519699;6,7793298;8,9307299;11,6362000;10,1672001;8,6222200;6,6456900;7,1151400;6,9391699;8,1556396;7,0915098;8,8542900;9,2157297;8,3053703;8,4875402;5,1501799;13,8018999;15,7171001;10,7132998;9,1142702;7,9587202;11,0677996;10,3744001;10,9874001;12,2135000;9,9523802;10,8554001;10,1969995;9,4974203;10,0999002;9,4824896;13,8628998;9,1686296;10,6532001;10,5740004;8,7512398;11,1644001;8,7802496;10,3636999;10,1684999;9,2201900;14,3636999;9,6498899;10,7014999;10,8004999;11,7511997;10,4031000;7,5798702;9,2367296;11,1107998;6,6695900;10,8500004;8,1035004;7,2987900;5,9530301;7,7378001;12,4727001;9,8558598;11,4119997;8,2163296;10,7282000;9,0315504;9,5093603;7,8818898;6,2553601;6,6986399;6,7321901;9,0724802;7,0600600;7,2008600;4,0140500;9,8203096;5,8862100;10,3831997;9,7082005;6,9254999;-0,8489890;8,8333902;8,4152803;4,7200398;11,4984999;8,1195002;0,4673290;10,0669003;11,2665005;8,7665701;12,3336000;7,8168898;10,3646002;14,4560003;15,6210003;20,6495991;11,1211004;11,8450003;14,9235001;11,1410999;8,8644400;9,6947403;12,9694996;14,2013998;13,7391005
1035728;10057191;434689,400000000023283;5704719,000000000000000;235,1000061;0,0000000;-1,2189300;2,9049001;-0,8891370;-1,4558700;0,7113420;-1,0230000;1,1165800;-1,1341799;-2,9536099;0,5006610;-1,4866101;-1,0315500;3,4062300;-5,2098398;2,4937100;4,7289901;0,0233808;2,2028899;6,1561298;1,5347000;0,9643840;-1,8687000;4,0144701;-0,5022710;-0,5398420;3,5185001;-1,0830200;-0,7846540;1,4793400;-1,2654500;-1,5222900;-1,1242501;1,9880000;3,5222399;5,9217100;2,8545499;0,4881320;1,9584399;1,9798700;3,0919199;2,6258199;5,8358202;1,4429500;0,3176270;1,9950200;3,0981600;3,1683400;1,0620800;3,0532200;3,3318701;-0,1158270;1,3588400;2,9408901;2,0157700;-1,3976099;0,7243020;1,7239200;-0,2641760;0,4510780;2,7607601;0,1984180;3,7121201;-2,6549001;1,5814500;-2,9711399;1,1813700;-1,3865800;1,7279400;9,2926197;1,0216300;-2,7788899;0,7700380;-1,5647000;-6,8523102;3,9384999;-1,5191900;-5,4505301;-2,4034400;0,2325530;1,3097800;2,3652301;1,3750499;5,3843198;2,2340000;0,5591790;-1,4898700;3,6353900;2,3630900;0,5783000;-0,3735820;-0,9945710;7,8698902;4,2443399;4,7605200;-3,0368400;0,7953150;-2,5095601;2,6227801;1,0346200;5,4931102;3,9933500;-4,7259598;7,1860199;4,7917099;3,9614799;4,7252798;5,0348501;4,6231298;2,1911800;0,8082940;3,3658700;5,4087601;4,7383299;0,4974150;1,9439600;6,6963902;5,0944500;3,4471800;2,1072500;2,8661699;1,0985399;0,4811540;2,4154501;1,0993500;0,9833530;0,9286460;3,9023900;2,6755700;-0,5693150;-0,1968360;-0,7093850;-7,1521101;-1,0602200;-0,8028110;1,0089800;0,0856853;4,1022902;1,6925800;8,9340401;0,7865090;1,9031100;3,9607799;0,7266380;-0,2536870;3,6516500;3,1397700;4,0951800;-0,7919460;1,4001200;-0,4933080;4,2893701;1,8029400;-7,2381301;-0,0992026;15,0586996;15,7982998;5,7430902;-1,9804800;1,2849500;-4,1038699;1,8194799;7,0709100;6,3768501;3,9039400;0,5933510;4,9618502;-1,9416500;3,0146699;1,1943099;1,4815100;1,8917700;3,7975600;0,2540250;0,9633680;-0,3654750;-0,2049200;1,7001801;-0,5928580;-4,4675598;1,3460500;4,2451100;-2,0991900;-4,1589599;1,6387000;-1,2567800;1,8462800;4,8406701;-1,5319999;-2,6306901;0,8156010;2,0583301;2,2201400;-0,2141700;0,3036660;10,2726002;1,3674800;2,8513000;6,2386198;0,7460180;1,0795200;4,2787700;1,6599200;-3,8310599;-0,0533342;0,4314510;-0,3417430;-1,4000100;-1,4213500;3,6772900;-0,9558890;-2,4786899;2,8855400;-2,3998799;-1,9710900;-1,1270300;2,5842700;-3,3600600;0,5756000;2,3904099;1,2296100;3,5228000;0,9192570;-0,4682150;-0,5158750;2,5527301;3,8946199;4,3956299;1,5670100;2,3280101;10,3944998;-6,3705401;-0,6829460;-1,4165100;0,5169710;-0,1980870;1,3282400;-5,9573002;3,6321900;2,4383500;1,4054800;-2,6620800;0,9004940;9,6392498;0,6343550;0,3059530;4,0128698;1,3485600;-2,3797200;-0,6243540;-0,2570740;2,7574601;-0,1279680;1,0238500;1,3542900;1,9023900;0,4132140;2,1762199;1,5015500;3,8002200;3,8614399;8,9751101;7,0088902;11,5860996;-5,1994200;3,5487700;6,3636298;11,4682999;4,4941301;6,2998700;-6,0655098;7,4917798;-3,7802999;-0,8305850;-3,0525200;2,7778499;0,5135590;2,4989400;4,8352499;4,7605901;3,3209100;-4,8543401
1035954;10057461;434754,599999999976717;5704751,799999999813735;266,7999878;0,0000000;-1,0349600;-0,2338420;-0,5303200;-0,4424180;-0,4881640;-0,0101449;-0,5890220;-2,1932499;-1,5723200;-1,1540700;2,0102999;-0,1837770;1,4109401;0,6791170;-3,7446499;-0,3191910;0,2413670;-12,6300001;1,2383400;-1,6881100;-0,0054536;0,4430370;2,4109299;2,3939199;-1,0323700;0,6520470;0,1001750;-3,2282500;-0,0609941;0,3303430;2,1973901;1,7481400;-1,7789700;1,6984200;0,0731207;2,5099399;3,3603001;1,8151000;0,7811360;-0,7888290;1,6761800;-5,4092898;-0,9882020;-1,7941700;-0,6935510;-0,8253620;1,5488200;-1,8103700;-0,1616520;-1,2400800;0,3833680;-1,2885200;-4,3790598;-7,0260501;-10,3900003;-3,1031599;-1,4460800;-1,2254699;-1,0129400;-1,3482400;-3,9919300;-1,5200599;-1,7420900;-4,6857400;-0,8529810;-0,4133970;-1,8441700;-0,2151950;1,7804000;1,0861501;-2,1331799;-0,4385090;-0,0475202;1,0263200;-2,0917599;-1,3230100;3,2909200;-2,5801401;-0,9979410;0,8512070;0,3226050;-2,1381400;0,0155990;1,1020401;0,0561453;-1,1677999;2,5596199;-1,0102299;2,9748600;1,7224000;1,3034800;-0,6246590;-0,2593730;-12,5858002;0,2157650;3,0545599;0,3714690;1,6058199;2,6480899;2,2575700;0,9087990;0,1423170;1,7271600;-0,9435090;0,8103080;-2,0615699;1,5053200;-1,7319500;-2,6085701;-0,1710300;0,0706522;-1,0398600;-0,0909353;-2,1695800;1,4958700;1,5994200;1,3871400;0,0714315;1,4677200;1,5541900;-1,5563400;1,4214700;-0,1849850;-0,0199091;0,7287990;0,0099485;3,3784699;1,2887700;0,4823360;-2,6594300;-1,0761800;-0,7714130;-0,2883920;3,4814799;-1,0983700;-1,2755700;0,3849490;-0,0685513;-0,2219130;0,4251120;-1,2340500;0,3917890;2,5567501;0,0563302;-0,0176015;-2,5101399;-0,2686370;-3,8243999;-5,0340900;3,2697301;-0,7438800;-2,8265400;-1,6603900;1,1094600;1,0599600;-0,6858950;1,0483900;0,6730180;1,0576200;1,9679101;3,9246700;3,0655100;-0,7132370;-1,8808399;1,8130100;-4,5896602;0,3852730;-3,6394000;0,2405870;-1,3040900;-3,8615601;-9,1645498;-0,8900210;-2,0420499;-3,5170300;-0,9925560;-0,7968740;0,2835700;0,7702270;-0,1166820;-0,9887520;1,5932500;1,0969100;0,0828235;1,4658700;4,5196600;-1,1511000;0,6887140;0,2250480;3,3300099;0,9034920;2,5228300;1,4671500;-0,6891540;1,6022100;-0,1987370;0,1766860;-0,8099890;-11,8811998;-1,8094000;-2,4871099;-0,5302850;-2,1750801;0,3922540;1,0521801;0,6589880;-13,2163000;-0,0706035;0,2966280;-4,5178299;-1,2536600;-7,5411000;0,8552810;0,6962590;1,1922600;1,8142200;-0,9200770;0,7062920;-1,0892800;-0,8381360;-3,7064800;-1,8039600;-0,0239949;0,2901330;2,3450601;1,6450300;1,0299000;0,5025750;0,7893190;-0,9423470;0,9985970;-2,7394099;3,2156999;1,6998900;1,1612400;4,0154300;2,6727600;-0,8628270;3,8157101;0,1538160;-0,8539960;0,2017200;-4,4489698;0,6126130;0,6231910;1,4852700;-2,2581899;-0,2970880;-0,3394490;-1,2377400;-1,8415200;0,1578390;-3,8942800;-0,9298580;1,3686500;0,7993970;-1,5745100;-1,5290700;1,0869100;0,4298960;-1,0572300;0,1475630;-0,3499860;-9,2997303;-1,4121701;-2,8902600;1,2585500;-0,9762200;-10,7945004;0,8173010;-1,4562000;-0,7073690;1,7267801;-1,3055800;2,3954799;0,1062280;0,1289930;-4,2631698;-1,2650300;-0,7904470;-0,9988500
1036078;10057604;434763,500000000000000;5704764,700000000186265;281,6000061;0,0000000;-5,1654501;-5,8996401;-2,3759501;-2,5759201;-1,0598600;-5,3318300;-3,6258099;-3,5887101;-3,7965100;-4,9093199;-7,6357398;-7,1899900;-0,7789100;-0,7136460;2,2793801;-3,2615700;-1,3965501;-2,2464900;-3,0821700;6,4288902;-2,8608201;0,3651040;-6,7777200;-0,5607430;-2,8692300;-0,3264380;-5,8333001;-1,2732900;-3,5255001;1,5857400;-2,4691100;-1,3010000;-4,9370799;-3,4736199;-3,2316899;-4,1572800;-6,5930300;-5,9712100;7,2205501;-10,4478998;-2,7728601;-9,6405401;-0,7780470;-6,1870999;-1,2962000;-2,6478801;0,4343020;-8,2088003;-3,2880800;-4,4639301;-1,6640800;-0,6898080;-1,9450901;1,9167000;-0,5630440;-2,9991601;-0,9936410;-3,0519500;0,0911474;4,0704398;2,5589299;-1,3890200;-2,0003901;4,0818000;-1,1948900;-0,5863610;-2,6272199;-4,0215001;-1,9680800;-0,7426130;-3,6277299;-3,2234800;-0,8774720;-1,8355300;-3,8132701;-2,5692501;-3,0415201;-4,6299601;-2,7452600;-1,4168700;-12,6849003;-3,1117101;-2,9861600;0,2628040;-2,5732801;-2,6358099;-3,2438300;-3,9153099;2,2460001;-1,0617100;-2,0512099;-2,0922899;-0,4950420;-2,2094300;-0,3797210;0,3499660;0,1335160;-1,2772599;5,6497502;-1,5500100;0,8855240;-0,4803420;-2,4994900;2,7420101;-8,9022799;-2,9443800;8,8013697;4,4477100;3,8626299;2,1065099;-0,1328170;6,5261402;3,3818099;6,0105400;2,5244601;0,0016246;1,3159600;12,1042004;1,8061700;1,0517100;1,0773400;0,1374870;0,9322180;-2,1865699;-1,6634400;-1,7313000;1,2144300;0,6613050;-0,4183280;-2,0483699;-1,2353100;-0,1393130;-3,5264900;0,0712261;-0,4147140;-0,0447364;0,6497030;-0,6670950;-4,9358602;-7,7090201;2,5832801;-2,9893701;-3,4403000;-6,4922700;-1,9541000;-3,4452600;-5,3469701;-8,1869402;-7,1999402;-1,6509600;-0,9845400;0,8725520;-7,1763101;-0,6246950;-1,0504000;-4,2914100;-1,3438700;-3,5728300;-2,9470999;-3,7692800;-3,1607399;-2,0299799;-10,1468000;-7,1713400;5,0186801;0,0773082;-3,7674699;2,9414599;-2,8672299;4,4084601;5,9571099;2,6775000;-0,3012770;-1,4097600;-0,1171320;-1,6736799;-2,6727600;-1,3011301;-3,0677900;-0,7783520;1,4614900;-1,6415700;-3,5278900;1,9401100;-0,9549190;-2,2497301;-0,7564050;-2,9706900;-4,8454599;-1,6581399;-2,5030000;0,7576680;0,6222000;-2,4135399;-1,6940200;-2,8469400;-0,4298960;1,0835000;-5,4530602;-1,6511300;-1,8317400;-2,5321200;-4,4693599;-2,6771400;-1,5438300;-4,8643899;-1,0817900;-2,0793700;-0,2731440;-0,0146260;-0,5381180;0,0324631;-1,2364700;0,0127864;-2,2419300;0,9190830;0,9898570;-0,7405020;0,5877530;6,9996901;-6,8678398;6,4996600;0,7136690;1,1437100;2,8766699;7,2530799;1,7327600;-1,1031899;0,3223800;-3,5102999;1,6747500;-1,6588500;-0,4320770;2,5192001;2,4712801;3,6381299;2,1323099;1,3595099;0,2681340;0,8508970;-2,1542201;-2,8234200;-4,6042399;-1,9458100;-0,4635540;1,5641100;0,5226630;-0,0136952;-3,9965501;-0,1721270;-2,2638800;-1,8417900;-5,8703499;-1,9761500;-1,0033799;-1,2846800;0,0405874;-1,0197901;0,5060120;-0,7561240;-5,1339102;0,1780520;-1,9510400;0,5712850;-1,2425200;-2,5817299;-4,1804700;-4,1059499;-1,9343300;3,5946300;-0,7533840;2,3639200;1,0264699;-0,6327510;0,7395570;-1,3653899;-3,4578700;-4,7008500;1,4460500;-2,3476901;-4,0462098
1036079;10057605;434739,200000000011642;5704753,500000000000000;245,6999969;0,0000000;0,7185200;0,0571227;-1,3227400;-0,1058160;0,5964520;2,0841701;-1,0487300;2,5867801;1,8942900;1,4087000;1,5169500;1,4364800;2,1870799;2,5310600;2,3379700;0,2103600;-0,4357220;0,1567660;1,7746600;-0,0678527;-1,4398100;-1,8983200;2,8719699;1,5781600;0,3772000;-0,5179690;2,0783501;2,7764499;0,7324310;1,5445000;3,8788600;3,5856299;0,4182540;0,6535650;2,1421299;3,5662301;2,6023700;0,3540460;2,1761999;0,6843910;2,8627999;2,5438001;2,5616200;1,3562300;0,9369300;2,0253999;1,6747000;1,1010700;1,6227200;1,9319800;3,2810600;0,9791370;1,2744600;-0,1456010;-0,8779500;1,8716300;-0,2576850;1,9197299;3,3327100;-0,1658350;0,7976690;0,7821310;0,0270674;0,3047780;-2,0347900;0,5788730;0,0667684;0,0383434;1,5063601;-0,8418550;-0,8460660;1,1261700;2,1345401;1,6116900;0,2291130;0,6252920;-1,7055300;-0,4326860;0,4565220;1,3353300;1,4846801;-0,0213871;0,3354330;1,0686001;2,0570900;1,4161600;6,1452298;3,4040101;0,5389910;1,5546100;3,8143201;-0,0020433;2,4755299;2,5934899;3,7014799;0,5259740;3,8892500;-0,3920560;3,4383800;3,7492299;2,1939800;5,1888800;3,8980801;1,7155499;1,0451100;1,1806700;4,2103000;1,5668000;2,7711201;1,3275501;3,0052299;1,8362000;1,1059400;3,4814000;2,3026600;1,6621300;2,2516100;3,6187100;2,2952099;1,4087200;3,4932799;4,3875399;-0,4138990;4,0427399;0,3174640;0,4288040;-0,1097460;5,7215199;4,2682500;0,5519900;-0,4142450;-0,1036380;2,0556500;2,8855901;1,9358200;-1,7244400;0,2074760;1,0738500;-0,0013006;0,4182050;1,0714400;2,4519601;-0,1062860;1,9864399;2,2995400;1,4100200;1,8951700;1,0519300;2,2324901;2,3544199;3,2044401;2,5725000;1,2996600;0,9719190;-1,6852800;0,7832390;2,7653601;0,6273050;1,9341500;3,4353099;2,0408399;1,7963200;2,5236599;1,5840900;0,7843440;-0,0618978;2,2139399;1,3894600;0,3045140;1,9524699;1,1644599;3,0211799;1,3373600;2,1010001;1,6402400;0,9200130;-0,3386020;3,6871500;1,7345099;-0,2910040;3,1742799;-0,5271780;1,8867300;-0,5883600;2,1819000;0,6082520;-0,5241630;2,9030600;-0,7030060;-1,3420000;-0,3116650;1,5618200;0,9832370;0,6351670;3,1797199;2,2229600;1,7831500;-1,6041100;0,5318130;3,5353899;-0,3627860;2,5762100;0,3422370;2,5397699;3,2794199;2,1696999;2,5002899;2,7972100;3,0215600;3,1012900;1,9635400;2,6361201;1,9297800;2,2753401;2,8574600;2,4167199;2,3123000;2,9292700;1,5449899;2,3762200;2,3819799;2,9951100;2,5688100;2,6481500;1,4968801;4,4454298;1,8426300;2,2783899;3,5335200;-1,0696900;2,2372601;-0,3659270;1,4346300;0,9417650;1,4979200;1,7585100;2,4467900;0,6815950;0,2786630;3,3639500;1,6163501;0,1295560;3,0214200;0,1169100;-1,1346999;7,2214799;4,3272200;-1,6618900;0,7212430;4,2977300;2,8877900;2,1318099;2,6204801;1,5097600;3,7434001;3,9787900;1,9854400;2,7187800;1,9388500;4,0196800;1,6165100;3,6940300;3,9040000;4,5954099;3,1407101;3,8148401;3,9488001;2,6982801;3,0602500;3,8597801;2,6332200;6,1790400;2,4218299;2,9135399;3,8286400;3,8795099;3,9039900;3,1713901;2,8731699;4,2467599;4,7011299
1036080;10057606;434746,599999999976717;5704755,700000000186265;234,6999969;0,0000000;-2,6156399;-2,5511899;-3,2113700;-2,5387499;-5,0493798;-4,6163001;-7,1173701;-7,4012499;-9,4267902;-5,0263801;-8,9619598;-2,0326900;-2,0119801;-3,3209200;-0,8690790;-2,2815800;-1,2905700;-0,1624520;-0,0940471;-0,6255660;-1,0757600;-0,4785560;-2,3650601;-0,0555155;-2,3383200;-2,0408101;-3,8060300;-6,3709502;-5,4645700;-4,0558100;-4,9684501;-4,9229398;-4,4906001;-4,9537301;-2,7647099;-2,7487900;-0,9250450;-2,2988400;-0,2572710;-1,8838800;-0,9688140;-0,7942670;0,3774160;-1,1213599;-0,9984750;-2,0497100;-1,3949400;-1,0425400;-0,3925710;-0,3050140;-0,4742310;0,2670810;-0,6141780;1,1230900;5,4025002;-0,4927360;0,7332530;0,0052364;-0,2018160;-0,7916500;-0,1809030;-0,4153690;0,0713956;-0,8945270;-1,0549099;-2,0022800;-4,1522102;-2,8325500;-2,0610399;-3,0385101;-3,8283999;-2,8264000;-4,4778399;-3,4785299;-3,2931600;-4,3295698;-5,4940000;-6,9881601;-6,2567000;-3,9766901;-4,8654099;-6,0643902;-4,8966899;-4,8331800;-5,7949200;-5,2939301;-1,3535900;-5,5481200;-4,7889199;-4,5899701;-3,8916900;-3,9854100;-2,0775299;-4,0137601;-2,2837999;-3,4118800;-1,6970900;-3,0914199;-1,5631599;-1,9900700;-1,8810500;-1,4791200;0,3188320;-1,5589100;-1,9692600;-0,4533920;-0,6215030;0,2551760;-0,4776600;-0,6065750;-0,1509030;-0,0417585;0,7328130;-0,0057759;-0,1477480;0,1486590;3,2747300;0,7152810;0,7538680;0,0600767;0,3367000;-1,1641400;-0,7303140;-0,6790680;-1,8459400;-0,3851540;0,1927550;-1,3150500;-2,1534700;-3,0608301;-1,2271700;-4,6475701;-5,1407099;-5,2101498;-5,3556299;-5,9633799;-4,7334099;-5,8277798;-2,7536099;-6,6249800;-6,3242502;-13,6784000;-14,1013002;-15,0878000;-14,6299000;-14,8568001;-14,0921001;-17,1313000;-14,3968000;-15,7053003;-14,5766001;-14,8610001;-2,9870601;-15,4671001;-3,1199200;-4,7876601;-3,1845500;-3,8950300;-3,1074901;-1,2531800;-2,3522501;-1,7594000;-0,4799530;-0,5658760;-1,6296999;-2,3290100;-1,1794400;-1,6323800;-2,9892199;-0,0941272;-1,0497299;-1,0146400;1,5182900;-0,6152150;-1,1798000;-0,4432920;0,1561150;-1,8988200;-1,6874599;-1,2082300;-0,3967430;0,0455520;-2,1615901;-2,3171501;-0,4402730;-1,0137100;-1,8847300;-2,3237300;-2,2327499;-2,4480000;-4,3802199;-2,6519201;-2,3532901;-5,7695198;-2,3606200;-4,1689701;-5,0841298;-3,1141601;-6,6136098;-4,4422002;-6,0082898;-4,7194800;-6,1686902;-4,2537398;-4,3103099;-6,4446998;-5,5647302;-4,0060201;-3,2437301;-4,3509498;-4,4328499;-5,0147200;-2,2572200;-2,3380001;-0,9943380;-1,8038800;0,0749605;0,4859580;-0,6381960;-0,2355690;-0,7313440;1,7224100;1,3846400;1,0866899;1,7891700;2,7527399;2,6492400;-0,6219340;-0,2606480;-0,7513870;0,9043700;0,4625010;1,7550300;0,0804026;1,0434400;0,5466050;2,0443299;0,1630090;0,9639170;-1,2088400;-2,7005301;-1,5057700;-3,0705800;-3,1629500;-4,8454599;-3,1661301;-3,2300401;-3,7777400;-3,6535299;-4,5856800;-5,0462699;-4,0379901;-2,9551001;-4,6933498;-4,7826400;-5,3737502;-5,6351700;-5,1356401;-5,0694399;-5,0546398;-6,1074901;-4,8142300;-3,2553501;-3,8106799;-5,8875599;-4,2988000;-3,3930500;-2,1410201;-4,5888801;-1,5038700;-1,0488200;-3,1309900;-3,2298999;-4,0358300;-1,9088500;-1,9969900;1,2001801;-0,1964000;-1,3804500;-1,4930900;0,8122780
1036202;10057756;434739,500000000000000;5704772,099999999627471;236,6999969;0,0000000;-3,4792900;-13,1437998;-13,4765997;-12,5672998;-14,9691000;-13,3264999;-5,4885502;-6,3477602;-10,5612001;-4,6714702;-9,5382605;-6,1664300;-2,5243001;-4,9084902;-9,7783298;-3,5019000;-10,3870001;-13,0249996;-10,6496000;-7,6594200;-9,1808596;-5,9378300;-8,3153801;-13,3028002;-8,8195896;-10,3568001;-5,6389699;-7,6448302;-7,9131999;-10,2139997;-6,2129698;-9,4150696;-6,1057401;-10,3528004;-3,4856801;-7,0833998;-4,6183400;-7,3897800;-10,6288004;-8,7521896;-5,6286001;-15,1961002;-2,0837901;-11,1668997;-3,2291901;-5,4189401;-14,3376999;-7,8832898;-9,4584398;-10,3802004;-4,6046200;-8,9597797;-7,2745399;-4,1289701;4,2568202;-8,9607801;-7,2032099;-17,3377991;-8,6082096;-5,6984601;-6,2290401;-13,6438999;-8,6979198;-15,4726000;-4,1295199;-15,3760004;-10,9637003;-19,0769997;-7,0230298;-14,2658005;-7,8988199;-8,8387604;-12,4495001;-8,5794497;-9,9779396;-16,2724991;-13,9729996;-17,9447994;-14,9442997;-6,9646001;-5,8351002;-13,8228998;-3,9984000;-13,5009003;-17,0062008;-4,4608998;-0,2121170;-11,0597000;-14,3817997;-7,7526102;-3,8128600;-11,7699003;-16,9111004;-14,8129997;-5,0603900;-7,9033399;-11,9008999;-10,2525997;-4,4651299;-13,1938000;-8,0554895;-4,6841102;-3,8113301;-17,0615005;-14,0801001;-4,0932398;-5,6048698;3,3533399;-14,9715004;-3,1402400;-5,2402501;-8,9100504;-13,6983004;-8,9685202;-8,0427999;-1,6421800;-3,9708200;-5,6742501;-11,5116997;-3,7459400;-5,7376199;-8,5713501;-5,2423201;-6,8128500;-11,1423998;5,0514498;-7,3390999;-2,5363500;-5,4628701;-4,4960399;-16,8008003;-11,8432999;-16,0011005;-7,9369898;-11,2981005;-13,5934000;-9,9702501;-10,5944004;-9,9965496;-6,9950900;5,4834299;-8,5012598;-14,2309999;-22,6966991;-10,3614998;-8,3733997;-16,6373997;-16,3959007;-3,3775301;-9,4859200;-15,1147003;-3,3220100;-14,0971003;-11,9208002;-3,9904499;-8,6747503;-15,4350004;-5,6143799;-4,3231301;-9,9256496;-11,2091999;-7,8085699;-5,6518502;-10,0025997;-3,8960800;-16,6231995;-5,4850798;-10,2164001;-6,5279298;-5,2281899;-10,1113997;-11,8289003;-11,1800003;-9,6365299;-12,7693996;-7,6851401;-2,4524801;-10,4005003;-9,8210497;-11,0017996;-7,4766302;-5,1629500;-12,1554003;-10,7813997;-1,1380700;-6,5200300;-4,2907200;-10,6584997;-13,7879000;-5,9811702;-8,3167400;-8,7205296;-10,0698996;-13,1745996;-2,2493100;-4,2159400;-12,5226002;-5,7173400;-11,6968002;-9,4886904;-2,9202099;-4,7218699;-5,7411199;-7,1428299;-9,9478903;-12,1653996;-10,8723001;-7,0321102;-9,9876299;-2,6417301;-10,2343998;-7,6620998;-3,2895100;-7,4085999;-6,0303402;-4,4948902;-8,0439196;-4,5019498;-7,5345702;-6,8760700;-8,3252401;-6,5765600;-3,1922901;-1,6099000;-9,8373203;1,5457500;-5,8540201;-10,6262999;-7,7873402;-7,5258698;-3,3900101;-8,7011003;-2,3146601;-8,9434004;-2,2507601;-11,0733995;-1,8060300;-9,3752403;2,0865300;-12,2903996;-5,9997501;-3,4174299;-12,2921000;-3,6724999;-8,8392696;-3,1539199;-5,6655698;-9,0935001;-6,8863101;-10,0627003;-6,3002901;-4,9172502;-5,3771400;-3,5849800;-9,1887903;-11,6817999;-7,7331400;-7,5256300;-10,5885000;-7,0965300;-10,1360998;-9,1876497;-2,0961201;-8,0372496;-5,4948802;-7,9493999;-10,4603004;-8,3816605;-6,1845899;-3,3377399;-3,8777599;-6,6373301;-8,9270802;-9,2497501;-7,1813002;-6,5436502;-7,1416402;-4,1908798;-6,5521898;-8,5928497;-10,4166002
1036203;10057757;434749,900000000023283;5704774,700000000186265;234,8999939;0,0000000;-3,0196500;-3,1309600;-2,0020900;-3,5305600;-3,6270800;-2,0986400;-3,2689600;-6,3167801;-5,5447998;-4,3628402;-4,6910801;-3,1558800;-0,3280210;-2,4137001;-1,0499600;0,1760780;-1,0281800;0,7844670;-0,9962560;1,7340500;-1,2749701;-3,5144999;-2,3168900;-1,1082200;-2,4272699;-2,1554301;-2,5733800;-5,5349002;-2,1374600;-1,5695800;-4,0041199;-0,5274750;-2,3176899;-2,5450699;-2,3016901;-0,1409600;-0,0526016;-3,5430501;-0,7172420;-1,8777800;-2,3237600;-1,3530200;1,4438200;-0,4255900;0,3867720;2,9829400;-2,1521900;2,0607700;2,5404000;-1,5052299;-0,2669970;0,5930590;1,8340400;-5,2552800;-5,3511100;1,0857000;0,8459330;2,6893799;-0,6890690;-0,5678850;1,0368100;-1,2060900;0,6862930;-1,3328600;-0,4274990;-0,9910160;-8,0061903;1,3166000;-1,4549500;0,5387340;1,2299200;-1,8082900;-2,2687199;-5,1547098;-0,5952130;0,0228481;1,0486701;-0,5340690;3,9919000;12,0704002;1,1281300;-2,8567200;2,0779500;-1,3646700;2,0936699;0,0929976;1,9966700;-1,0043100;-1,5233901;-2,2269399;-2,4756801;0,5059880;-4,3307300;-9,6569500;1,1522599;3,9730301;-0,8065560;-3,7473199;-2,5171599;-4,9757800;-5,6503301;-8,0261402;-6,9168801;-12,1161003;8,0428801;-8,6884804;-10,5550003;-10,1935997;-8,9088202;-6,9161201;-5,9134202;-9,6460304;-5,3790202;-11,3552999;-6,5883098;-6,9747200;-6,9157801;-8,8794498;-7,5328698;-3,8199501;-1,9624400;-4,1901498;-13,2938995;-1,7075900;-2,0462999;-3,8433499;-1,9436300;-0,0963936;-2,3596499;-0,6549030;-2,7272201;0,3813380;-1,5624200;-6,0687199;-1,7637200;0,6288440;2,1910701;2,2834699;0,9666910;-8,6575499;-12,9932003;-0,8902560;-3,6811099;-6,1226501;-1,8191200;-1,0225101;-1,7851300;-2,2182100;-1,5459501;-0,4651460;-2,5743301;-3,0932600;2,0606000;-1,0541000;-2,4213400;-1,2298100;-1,1632400;-0,3600080;-0,4653560;-1,1765300;0,0810630;1,6166300;-0,0758328;1,0761000;-0,4311500;-0,3459220;-0,2092890;1,6640300;-1,6425800;0,9849810;0,6700590;0,0845754;2,6482501;4,5230498;1,2996500;-0,1504430;0,9917330;-0,4654200;-0,1379120;-1,0833600;-1,6385800;0,0078843;-0,9365150;0,5115210;-0,5513250;-0,3221220;-1,6729000;-0,5755470;-1,9790800;-2,2005401;-0,2425570;0,1147450;-3,2480400;-1,3891000;0,1086650;-2,6635699;1,0448800;-0,7350130;-3,4719501;-1,7963300;-3,3112800;-1,9297500;-1,7155800;-2,1573400;0,1541360;-4,8491402;-3,8880701;-2,4523900;0,3360750;-1,8608500;0,4361670;-0,8967250;1,0663700;1,0932100;2,3426900;-0,1813660;0,6532870;1,6037199;0,5463290;3,2548900;0,4450680;0,8902880;2,2148499;1,9696000;0,2807090;2,3249500;0,1729700;0,5868750;-1,0856200;3,0432701;1,0631800;-1,0190500;0,8682070;1,4017299;0,5086660;0,1864380;-0,4170400;-0,9717880;-0,5991770;-0,8974890;-0,9021240;-1,5799900;-1,6651200;-4,9727101;-2,6753600;-2,0484300;1,5987000;-0,8197640;1,5400200;-2,4381299;-3,6770201;-2,5117900;0,3173280;-1,1918499;-1,7514300;-1,1631600;-0,1139570;-2,0073299;-2,5817001;0,4334170;-1,4049900;-0,4114010;0,9921540;-1,4232100;-0,4893430;-3,3342299;-0,5367620;0,0421660;-0,7170670;2,2273500;1,4573700;1,9850100;2,2364500;1,5931799;2,0126700;-0,0387595;1,4185400;2,0521600;1,5250601;0,7283060;2,4037099
1036204;10057758;434753,700000000011642;5704769,299999999813735;231,1000061;0,0000000;0,1527440;9,5748901;6,2552700;19,1364002;3,4444799;2,3956499;0,4941360;-3,1719201;5,2057099;-3,3431499;0,6603610;7,4376302;2,3581901;17,8405991;11,4851999;1,3470401;10,9277000;7,2167401;5,3889799;2,6816101;12,8058004;18,7735996;2,3929701;3,4721701;11,1770000;9,1878405;6,8192501;11,2790003;-1,6902699;1,7699900;9,8274002;9,1033297;13,5355997;6,1329198;-4,8860698;11,1606998;-0,2197530;9,2550497;6,3313198;8,3388100;15,9747000;0,9227490;-1,1413100;1,3118600;-1,0688200;15,5952997;0,4836050;11,6660995;10,5820999;4,3026900;16,0251999;10,1416998;11,8291998;-0,5278540;8,7546902;10,6344995;5,5083199;4,4952402;6,0830002;10,4584999;17,0219994;4,5229101;11,4994001;2,9488201;14,8593998;4,4272299;7,6352100;5,5117502;9,3171597;6,7237101;10,2610998;8,0170603;7,5066199;11,1629000;7,2212601;3,5976801;4,3863001;2,1988299;5,1875601;7,7276802;8,0836201;5,2751598;10,7356005;3,8965099;5,0145001;6,6976299;11,1887999;6,2867999;4,0953398;9,7649002;12,4631996;6,8492599;4,6408601;4,2036200;9,7684603;5,8259301;8,5267296;8,7634697;9,5674000;6,3813100;10,8997002;7,5839200;13,9889002;4,1468401;10,6659002;14,3541002;13,5052996;12,4770002;6,4423399;13,3892002;11,7206001;9,4895897;8,2951803;10,6148005;11,1016998;2,3002501;8,0501699;-2,9719200;9,6180096;15,5391998;13,7112999;9,9914398;14,5468998;11,2917004;10,7784004;6,5932598;10,4264002;17,0529995;14,1770000;3,0284700;4,8575902;7,8574700;5,4102001;9,4313898;5,4152398;7,3754201;9,2440901;12,4594002;7,1919398;8,9052801;2,8291199;5,5701499;4,5093899;1,4858500;0,8527180;5,3245502;2,3072701;2,0244701;4,6042900;5,8521800;3,9944401;5,2235298;2,6476400;6,0372300;1,4630500;6,5133700;2,6690199;7,9100399;8,3419399;4,6703701;4,0821400;8,5708504;8,2785997;5,9112101;0,3974290;2,0594001;13,6500998;8,6329298;11,1779003;6,0824599;8,2907000;9,8697395;10,7779999;5,3177199;3,6518900;8,1226997;2,2699499;7,9988298;7,4183998;6,6108599;10,0834999;7,2047300;3,9827800;7,7329102;-0,8601580;11,1810999;-5,8389602;4,6460700;3,8902199;0,2677750;7,9169002;6,1402798;6,0966101;4,1348300;3,0147200;3,1308300;4,5716200;6,9285598;4,4727302;4,1535301;0,7662260;3,2918899;6,4517298;7,7020001;8,3304701;4,0089502;7,5504198;7,5073800;5,6705599;1,5884399;8,1193504;7,7982702;4,4298701;2,3216701;4,0951700;9,9382000;7,7176399;2,4590499;9,7035799;3,4121599;9,7280703;5,8975701;2,0765600;3,2671001;8,8909998;4,1195598;4,2445002;9,3320103;10,5201998;5,7545099;3,2278800;12,2629004;4,9210801;10,9307003;3,5680799;10,0338001;3,8972800;9,1020002;3,7085700;7,0510998;6,8245602;2,0967500;7,1369901;2,8722200;4,1523800;3,0493400;5,7787600;8,2963104;6,8016200;5,4905901;6,1224298;9,9152803;9,5288696;3,1074901;9,5950298;5,3863101;8,0392904;8,2247801;4,1564898;4,7669501;5,1357899;6,8483400;2,9786601;8,2644396;6,7745199;8,2606697;6,8009601;6,8522100;10,9861002;8,5294104;9,2151299;8,4087896;8,5311899;9,3573999;10,5093002;10,4991999;6,6225500;14,4408998;10,1273003;7,2676802;6,9504900
1036585;10058238;434777,900000000023283;5704801,900000000372529;242,8000031;0,0000000;2,8584099;0,6179880;1,1410700;0,0295105;2,6975100;3,8898699;1,3469900;1,6086600;0,2335730;0,6538110;0,7091850;3,1372900;3,6154499;2,7343400;3,7590899;3,9235499;-0,1772540;0,0494528;1,5831800;2,2331600;1,7043800;1,0313200;2,7265301;2,3592899;0,6025440;1,8566400;0,1425280;1,6355799;2,1392500;4,0355902;2,8634501;3,6941099;3,5051999;4,6200199;6,2887602;1,7747800;4,2055898;3,8363700;3,9820600;3,4960201;2,4613400;4,1915798;4,0948300;4,0819402;3,7328701;2,5757501;3,3688900;1,2286600;3,2951601;2,3269200;2,3638899;2,2243900;2,9432399;0,3676810;-1,6302100;0,8736560;2,5293500;2,5013599;1,5442100;0,6892550;2,2215199;2,3917601;0,3054680;2,3271501;1,8773900;2,8733799;1,6658700;2,2386899;1,1961000;0,6342990;1,7670701;1,9628600;2,1095300;0,9468820;-0,3317670;3,6534300;2,2026801;4,6718798;3,0074301;3,4275100;1,8389500;5,0185800;5,7455001;3,4649601;2,0759900;2,0040500;5,7185998;3,3345699;4,5754199;4,7778301;4,0606399;4,7522702;6,9796801;5,3958001;6,5905299;4,6496501;5,1647301;5,8834701;4,8763800;4,7860699;3,4856901;4,5868902;5,4252100;4,5671501;2,6838601;1,4806900;6,5122099;4,9137502;7,4599199;5,2360401;3,9059501;4,6829700;6,1209102;6,9131098;2,8611801;4,1484299;3,0236299;3,5313799;3,7898200;4,1546202;1,8511600;1,8944900;5,7589998;2,6847899;1,8778900;2,1439800;4,6487298;4,4797001;2,4018900;3,2988601;5,3459101;2,9464200;1,3022300;2,6221001;4,4906802;5,3286300;4,6323900;5,2761898;5,7333498;4,1105599;3,8758600;4,2502298;4,2377000;4,9679298;3,7324901;6,3745599;4,7096601;3,0828300;5,4246898;3,8376100;5,4041600;4,8478999;6,0294399;5,1372499;4,5991001;3,9877901;7,2467098;5,3612599;6,0035601;6,6162500;4,4647999;4,9279199;4,0043302;5,9700699;4,9084702;4,9816999;4,6826701;4,1872902;4,4448600;3,7093401;5,9173999;4,4693999;3,8091600;3,7828200;5,2128000;4,5470700;3,6832199;2,9109399;2,7107100;3,5510700;5,5329900;4,7023902;2,4300599;4,5601201;4,2321601;4,8992801;2,9910400;3,4613500;3,3162501;4,0422802;3,9744599;6,1503501;4,8199301;2,5500000;4,9691801;2,6774900;3,9423800;6,8517799;3,8107901;5,2533798;3,5800800;5,0935402;4,2090702;5,2438102;7,7261600;5,6407199;4,6096101;4,6727400;7,3608098;4,3955598;5,5025902;4,2428098;4,3949099;5,3065300;5,8016901;6,1960902;6,1404600;6,3055000;5,8074598;6,1079402;5,9163399;6,6239500;5,9517698;5,1858902;6,3304200;6,8992200;5,0118599;4,9253402;4,7864299;4,7701302;4,5890698;5,2449198;4,8095102;4,8265300;5,3208098;5,6773000;5,3018298;4,8268199;5,6942601;5,1363101;4,1347198;4,9367499;5,5568900;4,5123501;3,9910300;4,9165401;6,0921102;6,1372299;5,0653200;3,5379601;3,2603700;5,1804299;4,3134999;4,6539898;4,4211898;6,0440502;4,7394700;4,7916198;6,0083799;5,7156801;3,1873701;6,2805901;6,0971498;5,8668599;5,4281702;4,5890398;6,2401299;5,9632101;5,6682701;6,2630401;7,2339501;6,2333899;5,6935201;5,9888401;6,7052302;5,0306001;5,1628399;6,5358400;5,4105201;6,8310099;8,4013596
1036586;10058239;434780,799999999988358;5704807,799999999813735;240,0000000;0,0000000;-3,9653299;-3,4121399;-3,7656701;-3,3601699;-2,4535501;1,3078800;-4,8040700;-4,3045998;-0,6064570;3,4041400;6,5400701;1,3743000;-3,1645401;4,1648898;5,1166000;2,5111201;-0,4231150;-8,1530304;0,2915030;2,3340900;-2,3134799;-4,7411098;2,3355501;-4,9727702;-3,6100399;-5,0258298;-3,0312600;-7,3268800;2,9343200;1,7184300;2,8102500;0,1271150;-1,4314400;-2,0286100;-3,2044001;5,1392202;0,2591740;-0,5890660;4,4421902;4,5940299;2,1223199;2,7099600;0,4301540;6,3572001;-1,1905100;-2,5807500;-0,3023670;0,5168830;-3,0469601;-2,8579099;-1,0838600;-2,7754099;2,9260299;-0,3514670;-2,0867400;-0,2535230;1,5587200;-0,4740660;-2,1284101;-3,0599699;1,0596000;2,0219100;-2,2986000;-0,2351470;-3,0878999;-3,1061800;-7,6236601;-3,1705799;-7,1161499;-0,9260300;-2,3681700;5,5350599;-3,0589099;-1,8631099;-5,2833099;-2,0006001;-5,1296201;-0,3366320;-2,6425200;-4,8806000;8,1513300;2,3157301;2,6599300;-4,5085402;0,2313900;1,0929600;1,4232399;0,2666360;0,7473380;0,7767530;2,5927701;3,2230301;3,3922601;4,3671098;0,1229670;2,2154500;0,5114970;4,0849600;1,0544000;0,7815940;2,5939400;0,9634410;1,4208800;0,1374350;0,3932660;-0,8863670;3,5312600;1,0858200;0,3729170;1,4157300;-0,4349700;-0,1146550;-1,3645200;-1,4438500;1,7775800;0,1096290;1,2813900;-1,8549600;-0,5256090;-1,3060200;1,8726799;-0,6057400;1,4047800;-1,1504700;-0,6670500;0,3834130;1,6869000;0,6912380;-1,8082600;1,8650000;-2,4661901;-0,1140610;-2,7157199;1,2428401;0,5203330;-0,9925080;-3,7842600;-1,8179600;-4,1408801;0,4667810;1,2467400;2,3298900;1,7848500;3,1556001;-1,2369500;2,8673301;1,5821600;1,6225100;3,8696699;10,0711002;1,4773600;4,3607502;2,0445001;3,3863001;2,5066099;2,5081100;1,8401000;1,2181700;2,8628099;4,4705300;-0,3218360;4,4587302;6,5487499;3,9953101;1,4561900;2,3239999;3,4698901;0,6277830;1,8942800;-0,3852160;2,7024200;0,1591220;1,8164901;2,0041001;1,8436800;0,6515890;-2,2385499;-0,3610970;1,3006999;0,7221980;2,3321099;1,0525700;-0,4005460;0,9411230;1,8674001;1,6961800;-2,0586200;4,6273799;1,6290200;2,6200299;4,0039001;3,4658401;4,1382198;-1,0315000;1,0371100;-0,4179680;2,6080699;0,8352250;2,2242200;2,8680601;-2,5075400;2,1187699;-0,8183820;0,0136333;6,7048502;2,2380300;2,0480499;1,8916399;7,6398401;2,3049400;4,7291899;4,1352801;5,2626801;1,1929300;3,1215200;3,5165801;0,5669990;5,5715499;3,0867200;3,8607600;2,8240499;3,3679900;2,5448899;1,3046700;4,7808599;0,9945120;1,2061000;-0,0029125;0,8559650;1,6154900;-1,2424200;1,9418000;2,2433300;3,1383100;1,5063200;1,7279500;4,1139302;2,3306501;1,7997800;0,8353190;-0,7215370;-0,2390910;3,0475700;4,8404899;1,5912100;5,1309600;3,7059700;0,7783990;2,5189199;0,9090500;1,8902500;3,7701199;6,4886398;4,4731002;3,0494800;4,6746602;2,3802600;5,3838601;0,4596590;2,9794800;1,1790400;1,9996001;0,7287760;4,6681800;3,9197400;4,1351600;4,5331602;3,2357700;3,1610000;4,3904400;7,0139298;6,8455300;3,2312701;6,1673498;1,4381100;2,8883700;4,9155002;1,8636000;2,6857300;2,3257401;4,3049898
1036688;10058362;434746,299999999988358;5704808,900000000372529;229,8999939;0,0000000;-1,5052700;-0,2213310;-0,1354730;-4,0550599;-3,1985199;0,0444069;2,3404000;-0,3191140;0,7655110;0,0324039;-0,8413960;2,9534900;1,0407000;0,5636280;2,5459099;1,6058300;2,9826000;0,5532110;-0,5374000;0,6119330;-0,0219131;-3,0306499;-0,7264380;-0,4035820;0,4156290;2,5263400;0,2002840;-3,3100500;-3,5040400;0,9126740;-1,0695800;4,1623201;0,1029070;2,1952500;2,6169400;3,0704300;1,8465101;3,9940500;3,1159301;3,2527399;2,2610900;1,5372699;1,6256300;1,8936400;2,4275200;2,4431701;-0,3735340;0,7055040;3,4397900;3,0060501;-0,7404410;0,7320940;2,1269400;-4,7748799;-5,6975999;-0,0944676;-0,1211610;-0,5717870;0,9621520;1,5701900;1,2877100;0,1419570;0,8960950;-0,8390740;-1,7797600;-0,7361650;-2,4088800;0,1018230;0,7193030;-2,5759599;1,2284800;1,8205200;1,4328400;0,3363440;2,9189701;-0,0367155;1,2829601;-1,0554301;-2,4591601;-0,3179320;1,5648201;2,0802701;-0,2464380;-0,4410300;0,0229869;-0,8283460;-1,1782500;1,8806800;-0,9048560;2,6624300;2,3257599;2,6480501;1,9377400;4,8355198;2,0713401;2,3556700;4,2128901;4,6417999;1,3248500;1,6849700;3,9059899;-0,1924910;2,7147701;1,6039701;1,5424500;1,9029800;2,5494900;2,2922800;0,6871980;-0,0500050;-0,3349010;-1,0455400;1,3930300;1,0883000;0,8138600;1,1682500;-0,1662630;1,2152801;-0,2249740;-1,1642200;0,2777280;1,0379900;0,0836678;0,0440569;0,1077280;-1,8750900;-0,5185180;-2,9203300;-0,6111830;-0,1226360;-0,4070710;0,6345460;-0,7467100;0,4755390;-1,1702900;0,6948360;0,9824000;1,8268600;2,4348400;0,3827730;0,8223800;2,6399400;-0,6735690;-1,3428900;-0,7145860;3,6428199;1,0781800;2,0842800;2,0838001;2,3991301;3,1326900;2,3419399;4,1517401;2,3219099;-0,3344830;4,2367902;1,4427201;5,6134300;3,6978800;2,8599300;2,0929599;5,0506301;2,3258400;2,8767300;2,8619699;1,5265000;3,8561900;3,5426300;2,1468599;2,3747101;4,7555499;2,7102399;0,8546200;0,5902800;-1,3920701;0,8585650;0,2147470;0,0144134;1,2666800;1,6444000;1,0025500;1,2273300;1,1973500;1,1719300;0,5499330;1,8040700;-1,6278200;0,4776120;-0,8420750;0,8833050;1,4894900;1,7742400;-2,0000300;-0,5292310;-0,0636477;0,4699170;1,1712800;1,5945899;0,1862380;0,4905840;2,7289500;-1,3816000;2,2985101;2,6651499;6,1934099;1,9035500;1,9504800;4,0055199;3,3839400;1,4675601;4,2793298;4,6445398;2,4219301;1,0306900;1,5087500;1,9460900;3,3515401;2,7257900;5,1410699;3,4209900;4,3929601;4,9494700;2,9441400;1,6202700;1,9356300;3,6685801;3,1781499;2,7026801;3,0072100;1,6790100;-0,1234110;3,5160601;0,4917410;0,8904200;1,3258700;1,2324100;0,7108800;1,9736800;1,3865900;-0,4143740;-0,2195420;0,4103410;0,8377420;1,5897300;1,9416500;0,1589980;0,0829487;3,9018500;2,8314400;4,6367302;1,8865000;2,8624499;4,8310299;2,1173000;0,3199130;1,4173100;3,1143401;4,7793298;1,6657400;2,0501699;2,7287800;1,7559500;1,7192000;4,9863100;3,9620399;4,4808502;3,8165200;3,7296500;4,8946099;3,5630000;4,0404801;5,8050098;4,7631001;5,6655502;4,2975202;4,2644000;2,5855200;2,8954799;3,4964499;2,2681401;4,5210400
1036820;10058514;434796,200000000011642;5704832,900000000372529;247,1999969;0,0000000;-0,5842560;5,7470398;4,2971501;2,3151700;1,1228300;2,7805200;1,9763300;-0,2131180;15,1345997;3,7228401;-1,4875799;5,0471501;4,4059501;4,2089901;4,0230198;3,2116699;1,9903600;5,4305401;5,2849598;11,0146999;2,4226501;5,1089401;3,5397799;5,1654501;1,7277900;3,9188600;2,4626501;-0,2708190;0,3089260;1,8608400;-0,4305780;0,6170920;1,4050100;4,6712899;4,2658601;2,5257599;2,1884301;3,9429300;1,3789200;3,7802000;5,0783200;7,7687998;2,6189101;4,2365398;12,6829996;4,0641999;-5,2248201;6,7734799;3,3511000;1,4082299;9,7127600;1,5193900;-2,2642701;2,7855401;3,0679801;8,7622004;5,4892802;5,5618701;7,7588100;-1,9073600;5,7664399;2,9420099;4,2325001;-0,1438140;6,6402602;3,0231199;0,6817290;-4,7905402;-1,3964900;-0,8196590;6,1963601;-3,3628900;1,1755500;5,9658699;4,0339098;2,7533801;3,6836801;2,5250700;4,1639600;2,1038101;5,2078500;4,5321999;7,7459798;1,6465800;2,4599600;1,6376100;3,0253201;-2,2622299;1,1223100;-1,3601201;-8,1814699;-0,2453180;5,8357201;2,7221999;4,3920298;4,8125200;1,7705899;3,2681000;3,8342199;2,7033899;9,1920099;4,7954702;7,5929799;5,4590001;3,4954400;-0,1253810;5,7566700;4,2534399;2,6992900;2,5567300;3,3861101;1,9720401;4,4057698;4,2408600;6,2581201;2,7316699;1,8808900;4,7835598;3,8930099;-1,3158100;1,9896600;2,0083899;3,8866999;2,5665901;3,5036199;3,0724599;4,7415299;2,4335599;1,6674600;2,7743700;6,7850399;1,0985900;0,7324260;1,4482700;2,1649599;2,4052801;6,0170298;6,1347599;12,2573004;-2,6960101;4,3697500;1,6053300;1,6657400;3,1136401;1,2777900;4,5531702;4,1794200;-1,4985000;1,0723500;3,5218599;2,2212200;0,1746760;0,0948856;1,9918200;3,3104899;2,8865600;7,3863902;1,9364700;3,8024099;5,5231900;4,9805398;9,7585001;4,3832798;8,8412704;4,3737898;8,6454000;7,4849200;6,8957400;9,3549805;6,8088298;9,0599203;14,6321001;7,0604501;3,5574300;2,9477899;6,1780000;4,9094501;6,3663998;6,5397000;5,4149399;2,0915599;4,1781702;6,5701799;4,3317599;6,4695201;9,4570704;5,1063299;0,4877010;-0,5253710;-0,0883335;-2,9522099;2,8414199;1,7948101;4,5126500;7,9572601;0,6249290;-1,7341800;2,6518099;5,3285298;-3,9658599;5,2587399;8,5039701;2,4565499;3,6495600;13,5876999;5,9523902;2,5899301;6,5732899;3,9012599;2,3132601;4,8333602;6,6659298;2,5958500;-6,1864400;4,1668901;1,9715000;5,3687301;4,7611599;5,7382398;4,5978298;7,7133198;9,8288097;5,4115500;4,5940499;7,2945099;3,9493501;4,2305102;5,3058400;2,4724801;13,7056999;5,2308102;5,0453501;-7,0377402;5,9253898;16,1299992;-1,2943200;-0,4396850;3,0885899;1,1583400;-3,2896399;3,4101300;4,3547301;-1,3801500;7,3492098;2,0452199;3,0599301;4,2852402;3,1992099;0,7636670;1,0307200;6,9237700;0,3475110;3,2907000;3,4923999;-2,6114299;3,3301699;6,7182298;2,3126500;-1,0621500;6,0971298;14,9288998;7,5900302;4,3348298;6,2827601;3,2772999;7,0772400;5,4024301;4,7176399;3,6197200;3,9302001;5,9963002;7,4822998;5,6526799;3,7498300;6,6524701;5,5317998;5,7619200;5,5660100;11,0046997;4,9098401;8,8302402
1036949;10058677;434804,500000000000000;5704835,799999999813735;243,8000031;0,0000000;-1,0192699;6,8204999;1,8727400;-0,3268750;-0,4726700;0,5108760;1,6510400;-2,5388501;-5,2572198;-1,1464300;-2,7809401;0,4830740;0,8606700;1,9648100;-4,6203799;-4,3297601;-1,1336200;-4,7467499;1,8703901;-0,0458136;-4,1877298;-2,1283100;-5,4220700;-2,0276799;-0,4472510;1,2000099;3,3735700;-3,0993099;0,4695100;2,6485200;-0,5135610;0,0515337;5,9415302;-2,4977000;2,9838600;1,2800100;1,4714600;0,5469380;0,7210740;-2,6022999;-0,1868370;2,3517001;2,2259700;-0,4184730;2,5965500;-0,3381440;-0,4922840;-6,0073500;0,9245570;5,9226999;11,6933002;0,1174300;-0,0022450;-2,7408700;-5,4086900;-6,2895002;-5,0356898;-4,3344102;-2,8591499;1,1038001;-2,5220599;-6,1214499;-0,5211540;-4,8422098;-0,6469090;0,4057830;1,4072100;-0,6320120;-0,6276050;-3,1521299;-0,7938260;2,2074399;1,2073900;-7,3929100;1,6936001;1,5024500;2,4614799;1,8414299;-7,8204198;4,3706598;1,9660900;4,5492201;7,5478201;4,1766901;3,1470301;2,8612499;3,4270699;2,5883999;2,4258101;-0,2220180;2,7430999;2,0939100;3,1086500;9,7024498;5,0684199;0,8975460;3,0869300;5,4709702;5,5954800;2,2271399;-9,1998100;-3,3350401;-0,0907545;-7,6547599;0,3906710;5,9849100;1,7899801;-3,3518000;4,7307901;0,4361020;0,0457096;3,5686600;6,7963099;15,5414000;4,6710901;1,7187600;-1,3559099;3,8117700;3,5957799;1,5172000;3,4046600;3,0913601;-0,1258330;-0,9869760;0,5625930;3,2764800;4,6485400;10,1850996;-3,5229900;4,0693898;4,3140898;1,0646600;2,3621800;-1,1809700;-2,6360900;1,0403100;-0,1690940;6,0875502;4,0229998;3,4978600;-3,8136101;2,0179701;0,9239060;5,1522698;3,0757899;1,6687100;4,2427802;1,1509800;3,5348699;1,3997600;2,9078901;8,1273804;5,2489500;6,5675502;6,1238098;2,3737299;5,5360999;3,1413000;2,5976501;3,8965499;0,8708520;4,2864900;-0,6847930;1,6793700;4,5846200;3,1219699;4,0450501;-0,4914250;2,6164899;3,6851201;4,4055800;-2,3797600;-0,4198460;-2,0096800;1,6576800;1,1507200;0,6588560;1,4410000;-1,6702800;2,2672701;4,6164098;5,2352400;5,4787402;-0,3469840;0,9424330;-0,9302590;-4,0349102;16,0004997;1,3961000;4,2353301;6,1362400;5,5740600;4,8448400;5,3369198;4,7655201;-2,7866800;2,1052401;10,9233999;-0,4041120;0,2007550;2,3393700;4,2012200;2,3991201;5,5888400;3,4307301;7,0742202;1,7291400;3,4722400;8,2764397;3,1516600;5,4584298;-9,2799902;2,9979601;3,6420400;6,7324300;0,4803250;8,3674297;2,5676999;5,7824602;16,2357998;9,9990797;5,9593201;6,4124899;6,7620802;10,7655001;4,7970200;4,6830401;6,6614499;5,4255300;9,8263798;7,6676502;14,4734001;3,8040199;8,6549397;0,3519300;2,2862699;6,8940201;3,0845799;7,9282098;2,3775599;5,8942800;10,7552996;-5,6012998;3,9828000;6,1001101;5,7615700;1,0218199;4,3867202;6,2467799;7,6358900;9,9039402;3,7087700;9,3529396;8,2775898;0,7950700;2,6205299;5,3929501;2,7925701;1,7148499;8,6326504;-1,1832000;6,3375802;6,5859299;7,2554402;0,0959768;0,7029280;9,5374098;8,0919704;11,4698000;8,5814896;6,6506901;5,6373801;8,4113598;1,6402000;1,2673700;2,0256600;0,9055340;1,7197100;2,5823700;7,1808000;2,2735400
1037072;10058821;434822,299999999988358;5704853,400000000372529;249,3999939;0,0000000;1,4706399;0,2728290;5,4165502;-1,5942400;3,0948501;2,5766900;0,6392210;-0,0076249;8,0629702;-2,3186901;3,1121399;-1,6763400;1,0744200;-1,5406300;-8,8518000;1,2558600;-6,2220702;2,3009701;4,7113199;1,9771800;1,9709100;-1,4112300;3,1212900;-7,4093900;3,1131999;-2,4404199;0,0952057;5,4333801;3,4208801;4,0964599;1,7477500;-2,3522799;-0,1055240;0,0805922;1,5694500;-0,3257260;1,0938100;-0,4741390;2,1124699;-1,5376300;1,4244500;0,1422670;2,7758801;3,4954100;9,1486197;4,2894502;6,7818198;3,8732200;4,4391899;0,8005050;5,5734401;3,0796101;2,2632000;4,0183301;11,9535999;9,5780602;12,7575998;11,1733999;-6,9824100;3,4550900;4,1870198;6,1152501;-6,0695300;3,5765800;0,2469050;-1,1648300;-0,6096240;1,6581399;0,9867980;5,6498699;1,2281600;0,0179496;6,9633498;10,9645004;-1,9467400;1,0082800;-1,7179500;3,2756801;2,1904900;-1,2536300;0,4929330;0,9323820;2,6894000;2,1847401;0,3288290;1,1157800;3,8413401;2,7242999;0,4510120;4,1582198;2,6597400;-0,7081160;4,0480399;3,1811800;3,0719600;-3,5678401;3,1669600;3,8947501;1,8399301;5,2187901;3,5776401;3,0361199;4,3470998;-1,3868300;1,9360600;5,9758601;7,0669198;7,2474799;6,3231902;10,1730003;0,9130970;3,3454001;3,8267100;2,0966401;4,2657800;2,7767899;1,4606100;3,9720199;4,8102598;7,3394198;5,0192299;6,1087499;4,3511801;4,9878302;5,5027599;4,5963202;6,0269699;7,9866099;0,3949140;2,7146201;4,4489899;-1,8901300;3,0653701;-2,5807600;1,9442600;2,4467001;4,2011499;6,3741598;0,2118740;2,1407499;1,1534801;3,7676899;1,3602999;3,0242200;2,5630100;5,6265602;7,1608200;3,6555500;5,4075599;2,7174799;1,1847700;6,6047101;0,8017020;6,6288199;4,4906201;-10,1976995;2,7826700;1,6438299;1,8641500;4,1207500;3,4628100;5,6804700;3,4234099;3,6312001;7,5652800;1,8712800;4,7635498;3,1464701;2,7425001;0,8331070;2,8366599;6,7019000;-4,2384400;1,5518600;-1,3179801;0,7495920;4,7706800;3,8913701;-2,8251801;3,3322999;3,8259399;5,3692999;4,6955900;4,4694500;1,2504801;4,0001898;0,0878356;3,6409099;1,0890800;-5,9745598;-0,0670812;2,8572299;-5,5615401;2,6095700;-1,7198900;5,6943698;2,9331300;4,7543001;2,1480000;-4,6479201;2,9217200;-0,0204210;3,5830700;2,2765601;9,5779400;8,1584797;1,9035500;4,9624000;11,2299004;4,1996899;0,1928870;2,2317801;1,5553499;3,5038800;11,5839996;-1,8580101;6,7879901;2,6706800;2,2467401;-5,0785198;0,6575770;3,2597401;8,4560804;1,7053400;-0,7536910;-1,9666700;3,6371601;3,5757999;-0,1345340;2,0738201;0,3016730;2,7528100;-0,0069109;3,0492301;7,7354298;-0,1459570;4,4355602;-3,4572101;2,7601299;0,4120030;4,6700101;-0,0953556;1,5020300;4,3223701;2,7364099;2,9290299;2,7097099;0,5389360;-0,9661810;-0,8033210;1,3341600;-0,3010930;4,4520798;5,7866001;2,7935901;2,7590301;6,8143601;2,5935600;3,3127100;8,1331596;2,5696700;5,4903498;0,4601630;3,4325399;4,5005398;0,9879490;6,1032100;0,2463920;3,5174100;2,9286599;7,4161100;4,7735000;2,9561701;12,3161001;-0,3831530;11,7627001;-3,7491801;1,0113000;1,5452700;4,3671098;16,4759007
1037318;10059108;434837,200000000011642;5704880,700000000186265;253,8999939;0,0000000;-14,1850996;-6,7503099;-12,0753002;-10,6245003;-13,7727003;-9,3801003;-9,1416702;-11,1085997;-11,7559996;-10,9701004;-10,6259003;-8,7746296;-10,4322004;-15,3035002;0,0305872;-4,1380200;-8,1295204;-6,7638302;-9,1419497;-5,7958598;-6,0234299;-7,5327101;-6,5076900;-7,7130599;-10,2670002;-11,4961996;-10,0944996;-3,8022799;-12,4302998;-13,7154999;-6,5017099;-8,3985996;-11,0072002;-9,5436096;-13,5327997;-10,5973997;-9,7964802;-6,4823399;-5,5475101;-8,1269102;-10,0497999;-3,8382900;-8,9088802;-7,5837898;-7,2433100;-6,7292099;-7,0040698;-7,5544000;-8,4650497;-7,5740700;-8,1840801;-9,4490299;-8,4219103;-10,7767000;-9,1519604;-9,3445797;-7,6332502;-10,4668999;-11,1870003;-8,3017502;-10,2616997;-11,2639999;-12,4625998;-11,8597002;-12,2175999;-12,2709999;-12,1423998;-10,6189003;-8,5350704;-11,2946997;-11,3844995;-13,0686998;-12,5142002;-14,1556997;-12,5549002;-15,2466002;-13,2768002;-12,8198996;-7,1455102;-12,9242001;-7,3546801;-14,0423002;-13,5774002;-10,2893000;-13,1322002;-13,6359997;-11,1780996;-10,9433002;-11,0348997;-9,2592001;-5,3888302;-7,7558398;-11,0924997;-6,8017502;-12,2474003;-7,7508998;-9,8681002;-8,4302902;-4,9831400;-9,9018402;-0,1541600;-5,4276099;-8,9209299;-9,9864998;-10,0227003;-7,6051002;-8,8808804;-7,4598198;-9,8946400;-8,4699001;-7,0439401;-8,5874996;-7,7207098;-6,3841801;-5,7359300;-9,4572601;-7,2852898;-8,8957901;-9,6084204;-12,7933998;-9,9109201;-6,2789502;-6,3529201;-9,8337202;-9,6022902;-9,9229202;-10,2658997;-10,3917999;-7,5939398;-6,1487398;-12,5544004;-9,7327900;-9,9979401;-6,1730800;-0,1865290;-18,3997002;-7,0517101;-3,3617401;-9,6940098;-9,8162603;-8,5243502;-6,0352402;-9,1957197;-10,2264004;-14,5955000;-5,9298401;-4,5351300;-12,4477997;-11,9870996;-9,4256697;-8,0770798;-12,9446001;-12,8801003;-8,7106400;-5,1525102;-8,4444399;-13,0999002;-15,2974005;2,9673500;-20,0550003;-20,0095997;-15,6396999;-8,4177103;-7,9459100;-8,0974197;-6,0996399;-8,2831497;-7,0004101;-7,7343702;-5,9768600;-6,2356501;-6,9771700;-7,8977799;-6,7975402;-9,8016901;-6,1740298;-9,6055202;-9,8285398;-9,8677197;-10,6701002;-7,7327099;-8,2916603;-8,6993999;-5,5033398;-9,2837200;-7,1205702;-10,3070002;-7,4122100;-3,7849200;-10,9236002;-10,6608000;-9,0547800;-10,1597996;-13,7173004;-9,3866301;-6,2228498;-9,8794298;-7,7520299;-11,7254000;-1,1640600;-15,4153996;2,4931600;-3,3817000;-6,0130200;1,6524500;-10,0328999;-5,7173500;-3,4764800;-5,1082401;1,2425600;-9,0864096;-5,5411100;-5,9379401;-9,4879904;-6,5099401;-8,5967999;-4,9995899;-4,9509902;-6,1909099;-7,3699999;-8,1644001;-7,2722802;-8,8798103;-9,0370502;-7,6166801;-5,2900200;-6,4615002;-10,6155996;-10,1976004;-11,2144003;-9,4040604;-8,0720396;-8,0692196;-5,9027200;-6,5132499;-12,1731005;-7,2807102;-8,8699303;-10,5702000;-6,5802202;-9,0949202;-13,6956997;-10,8857002;-10,9656000;-12,4152002;-10,8882999;-12,3450003;-10,8025999;-11,9993000;-12,8645000;-0,9425730;-8,9258404;-8,9771299;-14,6791000;-11,6528997;-8,2660103;-13,5916004;-5,9572802;-9,9168100;-15,1924000;-10,0925999;-9,4195805;-12,5717001;-13,1704998;4,5793099;-11,3207998;-7,1057100;-9,0325203;-8,0408802;-7,6470699;-6,7340102;-8,2280302;-5,9218102;-5,7711401;-7,5426698;-8,6510401;-10,6771002;-8,0008097;-6,9382000;-12,6622000;-6,5529799