OBJECTID;PS_ID;X;Y;Z;date_20150404;date_20150416;date_20150428;date_20150510;date_20150522;date_20150603;date_20150615;date_20150627;date_20150802;date_20150814;date_20150826;date_20150907;date_20151013;date_20151106;date_20151118;date_20151130;date_20151212;date_20151224;date_20160117;date_20160129;date_20160210;date_20160305;date_20160317;date_20160329;date_20160410;date_20160422;date_20160504;date_20160516;date_20160528;date_20160609;date_20160715;date_20160727;date_20160808;date_20160901;date_20160913;date_20160925;date_20161001;date_20161007;date_20161013;date_20161019;date_20161025;date_20161031;date_20161106;date_20161112;date_20161118;date_20161124;date_20161130;date_20161206;date_20161212;date_20161218;date_20161224;date_20161230;date_20170105;date_20170111;date_20170117;date_20170123;date_20170129;date_20170204;date_20170210;date_20170216;date_20170222;date_20170228;date_20170306;date_20170312;date_20170318;date_20170324;date_20170330;date_20170405;date_20170411;date_20170417;date_20170423;date_20170429;date_20170505;date_20170511;date_20170517;date_20170523;date_20170529;date_20170604;date_20170610;date_20170616;date_20170622;date_20170628;date_20170704;date_20170710;date_20170716;date_20170722;date_20170728;date_20170803;date_20170809;date_20170815;date_20170821;date_20170827;date_20170902;date_20170908;date_20170914;date_20170920;date_20170926;date_20171002;date_20171008;date_20171014;date_20171026;date_20171101;date_20171107;date_20171113;date_20171119;date_20171125;date_20171201;date_20171207;date_20171213;date_20171219;date_20171225;date_20171231;date_20180106;date_20180112;date_20180118;date_20180124;date_20180130;date_20180205;date_20180211;date_20180217;date_20180223;date_20180301;date_20180307;date_20180313;date_20180319;date_20180325;date_20180331;date_20180406;date_20180412;date_20180424;date_20180430;date_20180506;date_20180512;date_20180518;date_20180524;date_20180530;date_20180605;date_20180611;date_20180617;date_20180623;date_20180705;date_20180711;date_20180717;date_20180723;date_20180729;date_20180804;date_20180810;date_20180816;date_20180822;date_20180828;date_20180903;date_20180909;date_20180915;date_20180921;date_20180927;date_20181003;date_20181009;date_20181015;date_20181021;date_20181027;date_20181102;date_20181108;date_20181114;date_20181120;date_20181126;date_20181202;date_20181208;date_20181214;date_20181220;date_20181226;date_20190101;date_20190107;date_20190113;date_20190119;date_20190125;date_20190131;date_20190206;date_20190218;date_20190224;date_20190302;date_20190308;date_20190314;date_20190320;date_20190326;date_20190401;date_20190407;date_20190413;date_20190419;date_20190501;date_20190507;date_20190513;date_20190519;date_20190525;date_20190531;date_20190606;date_20190612;date_20190618;date_20190630;date_20190706;date_20190712;date_20190718;date_20190724;date_20190730;date_20190805;date_20190811;date_20190817;date_20190829;date_20190904;date_20190910;date_20190916;date_20190922;date_20190928;date_20191004;date_20191010;date_20191016;date_20191028;date_20191103;date_20191109;date_20191115;date_20191121;date_20191127;date_20191203;date_20191209;date_20191215;date_20191227;date_20200102;date_20200108;date_20200114;date_20200120;date_20200126;date_20200201;date_20200207;date_20200213;date_20200225;date_20200302;date_20200308;date_20200314;date_20200320;date_20200326;date_20200401;date_20200407;date_20200413;date_20200425;date_20200501;date_20200507;date_20200513;date_20200519;date_20200525;date_20200531;date_20200606;date_20200612;date_20200624;date_20200630;date_20200706;date_20200712;date_20200718;date_20200724;date_20200730;date_20200805;date_20200811;date_20200817;date_20200823;date_20200829;date_20200904;date_20200910;date_20200916;date_20200922;date_20200928;date_20201004;date_20201010;date_20201022;date_20201028;date_20201103;date_20201109;date_20201115;date_20201121;date_20201127;date_20201203;date_20201209;date_20201215;date_20201221;date_20201227
363026;6352802;434498,299999999988358;5704608,700000000186265;261,6000061;0,0000000;6,4563398;-1,2508700;-1,7704200;3,7020500;0,6390720;-1,7572800;3,9990101;2,8536201;6,6788001;-1,1728400;2,3455801;-9,2327204;5,3193798;5,3587599;10,0263004;1,4732100;-9,1180000;-3,0809100;2,8345301;0,2033920;8,4635201;6,3891602;-1,7001801;-5,9122901;1,6794699;6,7695398;6,6201301;-2,9655499;-0,9786230;3,3177600;2,4270000;-3,2555699;-3,2993400;0,2632780;1,3336999;1,8652900;-5,3670301;2,1151800;15,4012003;7,8831100;-2,7383299;3,1654501;9,8424301;3,5015600;-0,6626330;1,3355200;3,6695099;6,9273200;-3,1305399;4,3193798;6,8173699;2,0356801;0,4852040;10,2726002;-9,1657600;-4,7157602;-3,9912601;6,5279799;0,8405740;-3,1935201;6,8950801;-1,6675500;3,9619801;2,1325901;1,9389800;9,5493298;-12,4446001;2,8913400;4,0038800;-0,5905840;-0,9307070;-8,8122501;-2,1809800;1,6473401;2,9004900;-4,5418000;3,9660201;1,5430800;-6,9117498;0,2701710;3,9772699;2,4742401;1,1771700;-0,0511622;4,1442399;5,3071499;7,7347498;4,4189401;7,8792200;5,0042400;6,0282798;-7,7374802;7,5582600;11,3526001;-3,9884901;8,8300400;2,5213399;1,6083400;3,7953300;10,5628004;-3,3318601;14,6079998;4,5773101;5,9893799;6,0572400;8,9035501;0,3802910;2,7520399;4,5284500;2,5579000;2,3422000;5,6359000;2,4931099;3,6170299;2,7527399;0,1225460;-0,9727860;1,1279100;2,2637601;0,9443010;4,1373301;0,3353910;3,5474801;3,0306799;2,3977699;-3,8278501;4,7612100;4,3523002;7,9815602;9,7064505;-7,4683900;1,7035500;-2,3790801;7,3544202;0,0279369;4,2767601;6,7835398;0,7582860;0,0781398;3,8020201;5,5554900;2,1489601;6,4766002;1,9976400;10,6512003;2,2982299;5,9989300;9,1622496;7,9453301;7,9387202;5,5974102;5,8827701;5,8063798;5,7006102;16,4489002;7,6619101;13,3802004;6,0898199;7,5000300;10,0969000;2,8098800;7,9222202;7,4851899;4,2503500;8,2703695;3,7349501;7,1539898;3,5138299;6,0638399;4,2057800;2,1408100;3,4721899;10,2427998;1,7364200;6,9381599;5,3814201;-3,4653399;0,3515200;1,0629300;1,5515500;7,7295399;10,0854998;-0,5077440;8,2164297;-1,9716500;-0,1196290;11,4812002;4,3417001;-1,6982700;2,9527299;1,1890500;1,6429900;4,8203201;3,1415100;7,8116002;6,3012300;10,8304005;13,2860003;10,1629000;6,8096800;9,1806402;9,9630604;1,9226800;10,7730999;14,1583996;18,8479996;3,8722200;5,8533001;5,4454498;8,2432203;9,2384501;11,3246002;2,5179801;1,9270200;14,9958000;5,8816800;4,9139500;1,2899100;5,2920299;16,0512009;10,3381996;7,5909500;6,0895500;11,4064999;17,8153992;11,8360996;7,6294799;4,3559899;14,0466003;11,6147003;4,4713001;3,0888600;4,9310799;4,1085200;2,4260199;5,1751800;5,1331401;3,7549300;6,4162302;5,0949898;6,7972298;4,4149098;6,5357800;4,3467498;5,1869702;5,2369699;4,9714398;6,9278598;3,5737300;6,0805101;6,1571298;6,9719901;7,5307999;6,9633398;5,3253698;5,7871599;6,7011900;6,4242401;7,2331600;8,4142504;9,8706303;4,2791901;3,7386701;5,0101299;1,5601200;3,1931400;2,2420800;1,7183900;5,2591500;2,5597701;4,2884102;5,3542500;3,6964700;2,2300799;3,2049899;0,8849060;-2,8277299;0,9792590;3,2263501;3,5625100;4,9242401
363120;6352918;434523,099999999976717;5704627,099999999627471;244,0000000;0,0000000;1,5450500;2,5121100;2,5637200;4,6298900;4,5631299;6,8440199;3,5185299;8,3938999;3,2628000;5,5678802;6,4109802;3,3089399;3,3621900;5,6227598;5,5073400;7,2187600;2,0628800;2,9117601;4,1767402;-0,4091300;2,8174200;1,1142900;1,7607100;1,3816600;3,9707100;8,9562302;4,2989898;5,6380100;4,3605199;1,9174100;5,0427499;3,6001899;5,8991399;6,4230499;2,8294799;2,9266300;5,3381300;5,7486300;8,8668900;8,3482103;5,5131402;8,0788298;6,3411798;3,6325099;6,7564301;8,2102699;9,7139702;2,3453801;7,5982900;8,0503998;15,3100996;3,8153000;9,1553402;2,7148199;3,4927700;4,0121698;18,6653996;13,2714996;1,6645200;9,8392401;7,7801600;8,2535400;5,7985902;2,2381599;4,7162199;3,2041399;0,6660920;2,9312501;1,8001200;3,3947699;5,9014902;3,1072600;4,9824901;7,5522399;3,8960600;8,7973099;3,4131899;8,8558998;8,8764200;1,3319600;8,6680403;6,1236200;10,1025000;6,0256300;4,8300400;6,9010601;2,8453300;9,7740803;2,5145299;8,0845404;6,6924200;7,7717900;7,5555401;4,5411401;7,6237602;8,4287395;7,3273602;6,8563499;6,5885901;7,5785298;12,7156000;7,9176602;2,7766600;6,9697499;10,8530998;6,4516101;8,9804401;9,5599804;9,3012199;6,9217701;3,6535101;8,5167398;6,8873100;5,4814401;6,4270601;4,2171001;4,6484299;3,7076800;3,5297699;6,2346001;1,7829100;4,4249501;4,5841098;7,4014301;8,9954901;5,0371099;7,2335300;5,7027102;3,5735700;4,6517801;5,2994399;2,4268701;5,3294702;3,9821899;6,2104001;5,4371300;8,2978497;6,5303898;7,2365499;7,8338799;8,9370604;5,2497001;7,4657502;8,8480997;6,4602599;8,8594904;-3,0691600;5,8336802;6,6267900;7,6693401;2,2273200;6,5658202;5,2875400;5,6931701;8,9845104;4,6053100;3,7104399;3,8734500;5,7803102;5,4069800;-1,8510200;10,2362003;8,2891798;8,2521400;10,7505999;7,8483701;9,1830301;7,9868498;11,6934996;9,6830797;11,2278004;9,6826496;10,0907001;7,0745201;8,2120895;6,2632899;6,5891099;5,8626099;7,5263400;7,1947699;9,2915297;5,5753198;7,6140299;6,5239301;8,3119297;7,7215300;7,6829100;3,7891600;4,6712098;6,6943598;8,6227903;5,8919601;8,0679102;5,8273602;13,4493999;3,5268199;8,4384699;7,9048800;10,0764999;6,0704298;5,6853399;4,6855202;9,5061903;6,8940701;10,7927999;6,3170500;7,4050002;9,5144300;8,2683401;5,8393402;9,9731798;10,2545004;5,6279702;7,9486799;1,0759200;7,5960498;7,3877802;9,6310701;6,9896402;8,3821497;8,1716995;13,4399004;9,2199802;8,6102104;7,8241601;7,3934302;2,7203000;7,6340399;7,3595800;9,6490202;5,3601599;5,6001701;6,0611000;7,6143999;6,3915401;6,4783602;18,1019001;8,7549801;11,2888002;10,2848997;4,4584699;6,7049699;11,2440996;7,5261898;5,8072901;6,8915401;6,2651901;7,3903699;6,3451200;6,5570698;4,7166500;7,9534402;9,9478903;7,7725101;7,8841701;6,9253201;5,5580602;8,8424702;7,5269399;6,1024799;5,5964398;7,6728001;8,7401400;8,5165005;9,1823702;9,6048698;8,6208696;8,9517899;10,8199997;9,9185104;12,7417002;10,7948999;9,6905403;6,7645102;11,6506996;9,5176897;10,5816002;9,9936399;10,7161999;10,9046001;7,7462201
363121;6352919;434598,200000000011642;5704637,500000000000000;269,3999939;0,0000000;-1,6167800;-2,0939701;-0,9639150;-0,4732950;0,0638566;-0,1643680;0,6064790;0,4792150;-0,2353190;-0,0959876;2,7720699;0,4502640;0,5124540;-0,3683450;1,2623000;1,9200200;0,3434990;3,3043201;0,1658830;0,6906010;1,7230200;1,1704600;0,0116720;1,5243100;-0,9765650;-0,2236440;-0,2971230;0,8636770;0,7857530;1,4290600;1,5253600;2,0707400;-0,4683790;0,2302560;1,5335400;2,6984899;2,2540500;0,4875470;1,0117300;2,0053000;2,4928300;0,5474780;0,7713970;2,1194000;2,0917599;0,6940210;1,1534400;1,6990200;2,3341601;1,7364399;1,4560900;1,3519599;0,8292620;1,7086300;3,6624601;1,1133200;1,3221000;0,6106700;2,3198700;1,3035600;0,6527390;0,0352366;1,3190800;-0,3042270;1,3827400;0,8155180;-1,5380100;-0,5129540;0,2144450;-0,8977320;-0,2688620;0,9445380;2,0808899;1,8189300;0,3815510;-0,9994280;-0,4508340;1,4454200;0,7565040;-1,6020300;1,9428000;0,0471863;2,1524100;1,4710600;1,4743201;3,2174101;2,5369000;2,3709900;0,8400510;2,8656299;4,0719199;1,9664700;4,3630300;3,2113500;3,8093200;5,1901398;2,7627201;2,5139101;3,4280901;3,4889801;2,1355700;1,1945900;4,3007898;3,0600901;2,6851900;2,0806401;3,6128600;1,9852300;3,5325601;4,6893501;2,1248901;2,3382001;3,6866200;1,8664401;5,4499102;2,1089399;2,2770801;1,8427000;2,6155300;3,3792100;0,4080790;3,3073800;3,4646699;1,2268300;2,8422899;2,3583400;2,5509300;2,2931600;3,0788500;1,8446900;2,9454000;2,1162601;1,0132800;0,0965226;3,6510100;3,3291299;3,0905001;2,8711300;2,8422301;3,5855300;3,0669301;2,9519899;3,3143699;1,7523600;4,2952499;1,2951100;3,6902599;2,7029500;2,7273200;3,7300999;3,9531100;4,2288098;0,9125580;3,4741700;3,4402599;2,2497201;3,1987300;3,0623500;1,9233400;1,2582200;1,6647900;3,2660699;2,2874501;2,9680300;1,0495501;1,1743799;1,1339099;0,5855310;2,1258600;0,7017240;1,6730700;1,9320400;2,2937500;1,7488800;0,6811430;2,1110699;1,6863700;1,0357800;1,3576100;1,2364399;1,7446400;2,5850699;3,4439099;2,9004700;3,5135000;2,1085801;1,9496100;2,3347800;1,4849200;3,1759100;3,1670401;3,1398900;4,4919801;2,9949300;6,4750500;4,7064600;3,5378101;4,6077700;3,3908701;5,5922499;4,5757599;4,3905301;5,2916498;4,2203798;6,6094799;5,5595398;2,9432700;4,6180801;5,0527902;4,8778501;6,0637202;3,7959099;4,7788301;4,7588201;3,9841001;5,5824699;5,0950198;3,5717299;4,3653002;5,0442100;3,5673101;4,2530999;4,5473499;3,1608601;4,8188300;6,6828799;4,9156799;4,4707699;1,5890200;5,1604199;5,2079802;3,1127100;4,4060202;4,0716701;4,4840899;4,4182401;6,3915901;3,6930001;5,8138399;4,7223501;3,2680900;3,9042301;4,0697598;4,0367899;2,6003001;4,8051801;3,8104601;5,9622202;2,2295899;3,6692801;2,4073501;4,2740202;6,4203601;4,8501101;5,5406599;4,1674199;4,2634902;4,3620200;4,9891601;8,5947304;7,3801799;4,9162102;7,2360401;6,2905202;6,4923601;4,5786901;5,1559901;5,0976200;5,7340102;6,9085999;4,9241300;5,7988901;4,2194099;5,5095301;4,6770701;3,7047000;4,1429000;4,5591202;5,5215302;6,0233798;4,5345302
363228;6353036;434538,400000000023283;5704636,900000000372529;238,8999939;0,0000000;-0,9771380;-1,4365700;-0,2403850;-2,5691299;3,2615299;-1,4436400;0,4633910;-1,7260700;-2,5719800;1,2844200;0,7493990;-0,8595950;1,5847000;2,9877601;2,8333700;-0,0187271;1,5973300;1,2414600;0,3918810;0,9724920;0,3827130;-3,3339400;-0,7440610;-1,5272900;-2,0237200;-0,8416610;-1,9585400;0,8563280;0,5593610;-0,4865730;1,9881999;0,4064350;2,4457200;1,2339500;1,6388700;2,7403800;3,3079400;1,3032700;5,0653701;2,3892801;4,3241301;6,1942701;3,3419399;0,5300910;4,3951602;2,8768001;2,3230600;3,9982400;7,5970101;4,5901399;1,8421800;1,5806900;2,3386099;-1,1361600;-3,0307300;1,2061800;3,3354700;-1,8337400;-0,4478850;5,2336702;5,6422501;-0,5507340;4,2068400;4,6443501;-0,7367970;1,9213001;-2,2639999;-1,3210900;3,9277501;-2,2857399;2,1357400;-3,4197400;1,6236100;0,8758240;-0,2872710;0,9093550;-0,7857710;10,9406996;1,7315500;-0,6440150;1,5247600;-1,3236099;1,8183600;-1,1705900;1,1423800;4,1126499;4,6374698;2,3045199;2,1839399;4,4524999;4,7677798;5,2293100;3,9811299;6,2770500;10,1926003;10,8190002;3,0613201;7,4970102;9,5238304;5,2258902;4,7089200;5,4514499;3,7262399;1,6866601;2,3015900;1,5018600;3,0853200;2,9797201;2,7607501;3,5366600;1,5048900;1,6694800;2,1080201;1,1034499;3,0825000;-0,3795720;-0,5270610;0,1667510;-0,2624040;3,9789400;-0,5832790;3,0077200;3,7415800;-6,1067100;1,6566300;0,5531640;2,9224801;0,2573330;1,1483800;1,5711900;-1,3881201;1,4502100;0,8774670;-0,8411090;2,2645700;-1,6203300;1,3489701;0,7968200;2,0640299;3,8671701;2,6936200;4,3935399;3,0352800;1,0349700;2,1697199;1,9171400;2,1059599;1,0813700;3,6689301;2,4707100;4,3695598;5,1820698;0,8418060;3,0014999;3,4460101;4,1335902;4,8824201;4,9246602;1,5856301;-0,1536910;5,6041098;9,6903000;-9,0222101;-6,0620799;0,1678100;8,7009001;-3,7986400;6,4890399;-3,3924601;4,0039301;3,5826600;5,1345701;5,4198298;5,1768398;6,6818600;9,9549904;3,8023701;4,8183599;1,5008200;0,4231650;1,7180901;1,5580500;1,2560199;0,3093520;3,7744401;1,3390900;3,3893700;-5,3038702;-1,4998000;2,3415101;-2,1184900;2,8106301;2,1334801;1,2372200;4,9477100;4,3393202;4,8172302;3,5326099;-1,0058000;3,3236301;2,9558799;3,6460900;5,5012999;4,7080498;7,8628998;5,1000099;0,4806550;4,3660102;2,4268999;4,8982201;3,8893001;5,1195502;6,1630502;7,9564500;4,6532202;3,4955800;4,0201001;4,9910998;6,1928201;4,3132601;7,5145898;7,4926701;6,6851702;9,6253099;1,9749500;5,4928598;2,9170001;4,5729098;4,8581600;6,3254199;2,5112901;4,9288502;6,2625899;3,0716000;6,3021002;1,3564301;4,5318699;2,9078200;7,3799100;1,9942100;6,0738001;4,8201900;4,5693598;4,4835100;2,4932499;3,6741199;3,1229100;7,1868000;1,9741000;2,4133501;2,8697100;2,6821401;6,4700398;4,4510999;4,3466101;5,4707799;4,7003498;2,9270401;3,1937699;7,5660200;11,4807997;10,0408001;4,5386600;8,4852800;3,5443799;7,6791201;5,0958900;8,4880800;6,4519300;4,7980499;7,5194898;5,3195601;5,8182101;6,3358402;5,7149301;5,5830302;5,9373202;5,0317998;4,3807001;6,1741300;6,1710200
363229;6353037;434536,799999999988358;5704639,200000000186265;230,8000031;0,0000000;-0,3482810;0,3622860;2,8443699;-2,2363901;3,6487300;5,0931802;1,4651200;1,0414799;0,6142970;1,4076900;3,1001899;4,6983299;0,0878959;4,3848600;8,3978596;2,9703901;1,3880600;3,5462699;3,2611699;3,6477900;2,9409900;1,7544800;-0,3842050;-0,1490700;-0,1802980;4,3866501;-2,3500099;0,2430460;-0,6978080;-0,5656440;0,9874570;0,2120180;2,4567599;-1,1648000;1,2771300;5,2416501;4,9165902;4,1125002;4,4738498;6,7530599;4,4675999;4,7670498;5,9687700;3,5015199;2,3932600;5,5842299;2,2727900;7,3313999;6,5451298;3,4087100;4,1566801;5,8415899;6,6741500;0,1952660;1,0919200;4,5601201;2,7321899;2,0309300;2,4052401;5,3746200;5,4706502;3,9862800;-2,9309599;-0,3910410;3,2259600;0,7332180;-0,8857810;2,3723800;2,2796900;0,8705410;1,5873801;1,8707900;0,1298230;3,9646699;1,9388900;2,4136200;0,2202830;0,8461530;-0,6425250;-0,4307590;5,5573602;1,6306300;2,8431201;0,2813510;1,2742500;4,7107000;4,4062600;4,7442098;7,0230799;2,1373501;1,7361400;4,4349799;5,3903899;5,5541501;5,5718598;10,1225996;0,5803770;4,2437401;2,1796300;5,0393400;-0,8189400;3,7275400;4,2191300;6,5568199;4,0466299;6,7377701;9,4800100;3,2553301;8,2129498;6,1601100;6,6615300;2,5194499;4,7115998;6,6933899;-1,0655000;0,9129310;0,0681920;5,4090900;2,0021601;3,5188200;-1,0354199;4,8878398;4,3774199;3,3404701;3,5552800;4,1595201;3,6576800;6,3379898;1,5504301;2,9806399;2,5534899;1,3626100;3,0175800;6,1881499;3,5243199;3,7585800;3,5757201;3,1178701;4,1056900;7,5891099;5,5686498;3,4757500;4,6635699;7,5495601;7,5078402;4,7894802;2,7712600;4,5528898;7,1863599;8,1151896;5,0640402;5,2084098;4,5760398;6,0636001;9,0237198;5,2448001;4,3195400;5,0286102;6,4732800;5,0034099;5,6293602;6,7854800;5,2886500;4,2765799;7,2697902;6,0812302;6,7327399;9,1802902;4,6530199;7,8349099;7,8500600;6,0909200;3,5898600;5,0877299;1,1815100;4,1887298;4,0746398;4,1680398;4,2014799;1,7982600;7,1133800;3,5272801;6,1838799;3,2354701;2,7339201;5,6353998;1,3973100;4,6815400;5,6561799;3,5896699;2,4631600;3,0707200;5,1253300;4,2684102;5,7449398;4,2076802;5,0538101;6,0272198;5,1939902;5,7512698;3,9377699;4,2132702;4,9631300;10,2805996;9,1425200;4,8784800;3,6848500;4,6604600;7,5382500;4,8124499;9,4920197;9,7396603;8,7827301;6,5952902;5,8446002;8,4244699;7,4492698;6,8178601;7,8812199;9,4732704;8,4317999;7,9143200;6,3093801;8,6414700;7,7210398;8,0445299;7,5143700;3,4468400;5,4653602;6,1209998;8,0149498;5,5278802;4,8179998;4,5590601;3,2390900;5,0409698;4,5606399;3,5228400;4,7492399;0,5310400;2,8769000;2,4590700;9,5113802;4,1442299;1,5188700;2,8049200;3,6307399;8,8115196;0,8800190;3,1499801;7,0165100;4,1717000;4,1614900;4,3407402;4,6458902;5,1265898;4,7606602;3,7299800;3,3472800;8,5967999;8,5238600;8,6075697;4,6876502;10,1016998;5,2758899;4,8877101;9,0337296;10,5362997;6,0112200;6,4529600;9,8255396;5,9991798;4,3595400;4,6752701;6,9343600;6,9066701;4,8783498;8,2996702;8,5621500;-0,1603310;9,2682304
363230;6353038;434596,599999999976717;5704642,400000000372529;258,2000122;0,0000000;0,5271490;0,7692300;1,0936300;0,0711830;0,5110300;2,1932099;0,0582983;-2,2001100;-0,3313320;1,5160800;14,6691999;2,0285299;1,7930700;1,1586800;6,1487098;2,2323201;2,4310999;-2,8632801;0,1684930;3,3202500;0,8940320;1,8868099;2,9854300;2,2255001;1,2508900;1,4303000;-0,0392065;-0,5791830;1,1325200;-0,9233490;1,1953599;-2,4289601;4,8930302;5,4905400;5,0025301;1,5085700;1,9302200;1,7676500;1,8468300;3,8492301;3,2495000;3,3438301;2,0822001;2,2263000;1,8730400;1,7882100;1,7272600;2,4821401;2,3044500;2,0052400;1,5121500;1,6625400;1,5155400;4,3757300;2,9524801;1,7846800;2,1542201;0,9408700;1,3134500;1,8528301;1,6595300;3,8947401;2,0759399;5,0809698;-1,0456800;4,6115999;1,4855500;5,2424598;-0,4021630;2,4690001;2,9943500;-10,4717999;1,4305100;2,4270999;1,8808000;3,1135399;0,8434210;5,8752899;2,7201800;0,6584460;1,5390600;1,7584900;1,6650000;2,5401900;3,5591600;1,3504699;3,2700601;1,7934999;4,6426201;3,3531599;-0,5680100;1,6020300;1,5902100;2,3487401;6,8033900;9,2186298;0,9989810;6,5569301;1,8975300;0,6696530;2,6414299;1,0235400;10,3058996;-2,1306000;8,8766804;1,2823499;2,3389299;-0,7365590;-1,8516700;2,9900000;2,4184101;3,0488000;0,6553140;3,2119401;2,3866701;4,6791501;0,9556780;3,4825101;0,8000440;0,9308140;1,6330800;3,2364600;0,6806580;1,6933300;3,2940199;2,6107099;4,1597500;3,5740099;2,9352901;2,7064300;3,8605001;2,6810701;2,7096500;0,8602330;4,1675000;0,7190430;5,2934499;2,1747701;2,1381099;10,9292002;4,3584800;4,7669802;1,8599401;2,8705101;3,9715099;2,8199799;3,9950800;2,0172501;2,9778399;3,1220801;3,8649399;4,1511302;1,5761100;3,5563300;3,3278100;3,0243299;3,8168099;3,6736300;3,2039599;2,0899701;3,2299299;3,5020700;1,6847900;3,4975100;1,2288100;2,0222800;2,1670599;1,2559000;1,9300100;1,5914600;1,9801500;0,7499150;1,8902900;2,6211500;0,3315950;1,9203600;2,1392300;-0,4058030;5,1383100;3,6260300;1,8880500;2,7314601;3,2922299;4,4857402;4,3342400;2,6979499;3,1500599;1,5230600;2,5272901;2,9935801;-0,0578418;2,9892900;4,0930400;3,2411001;7,0114102;3,9208801;5,1815400;5,1786699;2,3382101;8,3338499;5,8371201;2,6009700;4,2078199;5,8215098;5,6757698;4,0741000;2,9920800;3,8854699;4,8850198;4,7333999;4,7959599;3,3611901;4,6557298;3,9190700;5,4089699;4,1720901;4,3827200;4,3754001;4,5347400;4,4830799;4,1859198;5,1678901;4,3303399;7,7414598;4,8576498;-0,1226420;3,9929500;8,6071301;5,8711300;6,5559402;5,1849899;6,2403998;5,1329098;4,9325500;5,4200802;4,1497798;4,9624400;3,7604001;5,5200000;5,5044799;4,2100101;3,8874300;2,6480401;3,6180100;2,4027300;7,2053599;1,6964099;4,7768502;3,7798200;2,6634800;1,7363900;5,2500601;7,5240502;7,2164202;7,5119600;7,7914600;6,4637098;7,4105301;5,3376698;6,1493902;6,7470002;5,5463099;5,4867201;4,7237301;4,1813402;4,1553302;4,6696601;4,6041098;4,1961298;4,2137198;5,7157302;5,6513000;4,9018998;3,8893700;4,7514200;5,3272400;4,1927500;4,0792599;4,0453000;5,1781602;4,5254998
363488;6353327;434616,599999999976717;5704666,099999999627471;236,1999969;0,0000000;0,3138410;0,8395060;0,2797030;0,0175242;1,4432900;0,9664640;2,2980399;4,0393600;1,8396699;2,4679101;4,7920799;4,2091498;3,2511201;3,0801799;5,2643299;1,6363400;1,6010600;1,7246100;2,2542500;1,6322200;0,9809110;0,5572920;1,3277500;0,3576960;1,6212000;1,9827501;1,7632800;0,7324120;1,6738200;4,6863098;0,4346280;2,9482901;4,5945101;2,0599101;2,1167800;3,2313299;2,8539801;2,9449601;5,9523602;2,9811001;3,1287601;4,5644999;3,8328099;2,9975901;5,3255000;4,0127902;2,4317000;3,6886799;3,7007000;5,6896300;1,9150300;1,8943000;2,3891900;1,1092000;-1,6181000;1,5421700;2,6915300;2,9625800;1,1076100;2,7219999;3,2695401;3,0906301;2,0664201;2,3142700;2,9220400;2,8334799;4,8545899;3,5860100;3,1307099;2,2942700;3,2255399;2,9791300;2,3762600;0,9852010;3,1783500;2,1040001;6,4898901;4,0950999;3,4545901;3,7560899;5,9418702;4,9176698;5,2258701;3,7368400;4,5678301;5,0499201;5,4223900;5,9475198;4,8321300;6,3069100;4,6266699;8,6978102;6,0152998;5,4196701;6,5085502;13,3351002;4,7754402;7,7227001;5,4465499;5,4094901;4,8079000;5,0482202;6,6986198;7,5551901;6,2079201;5,5400000;6,9907999;5,1582098;5,1919899;4,3219500;3,6530700;4,4243102;5,7435699;5,1270499;4,7573600;3,8155799;4,3688202;2,2067201;3,8689201;2,8500199;1,6834000;1,7305000;6,1620002;1,4923900;4,3664598;3,5632999;0,7242880;2,8988900;2,9068000;6,0519900;2,8717301;4,7735100;2,9236200;4,3168802;3,4596000;4,8740802;5,1323299;3,4473200;3,0497200;5,5144501;4,7127800;5,1480899;5,8121400;4,3150902;5,1763501;3,0657101;5,8509998;5,7932301;5,2795801;4,2112498;4,9899001;5,2408299;5,6791701;5,9396701;6,1162901;5,9021001;5,6988802;6,9782100;7,9849100;6,4594002;6,0947499;7,4736300;5,9280500;4,3524499;5,9883399;5,4270000;5,5278502;5,1021399;5,2855802;4,5606599;6,0287299;6,9320998;4,2668600;4,2851801;3,9845600;4,4525099;4,5080099;5,0648398;3,6069300;4,4902701;7,8886900;4,4370198;4,2336798;4,6022100;2,5902600;4,7354798;2,6604099;4,7897902;5,1195002;4,5701799;3,9574800;2,6220200;5,9346800;2,3921199;4,1069498;1,5662700;3,6722901;2,7601199;3,5095201;2,8859799;6,9335499;2,5277300;2,6314001;1,4515700;6,5281701;7,9587598;9,8460903;4,2108402;5,2532401;6,1470499;6,1181102;8,4528999;6,5714998;4,4017301;7,6639800;7,1642599;5,8973899;4,3647900;3,2168801;4,5063400;6,7903700;5,9394498;6,1817398;5,3827801;5,7632699;6,2477598;4,6164699;4,9758201;5,2217498;2,5525899;6,8194399;2,3148701;4,4522600;5,2382398;3,8813100;3,8538201;5,1460500;4,5805101;3,4544599;3,5998099;2,8435600;3,9405200;4,3449202;3,9992001;4,5414300;3,8900101;4,7203898;1,6944300;4,7765498;2,1979201;4,8926601;6,4500399;4,6400599;4,7446499;4,5244598;5,5764098;5,6341500;5,4636698;7,1258998;5,1234102;5,4536901;4,9475498;6,3260999;8,0905104;4,3850698;5,8181200;7,1579599;7,6962399;5,3026099;7,3229799;9,9473104;6,3803401;6,6441498;5,4511800;4,4305501;6,6071100;6,9057002;4,4880800;6,7968102;7,1114302;4,2949200
363489;6353328;434641,299999999988358;5704674,799999999813735;251,5000000;0,0000000;3,2913401;3,0784900;2,8616900;1,3761500;1,4482501;4,5713701;2,6739500;1,2836200;3,9275601;0,7265270;4,2113400;0,7863220;0,3850140;0,1018710;3,9608800;0,0850391;11,7034998;2,9113400;2,2001901;0,7534190;-0,1835580;-1,7757100;0,7870930;0,4364930;0,7779190;5,5102601;0,3936070;4,9566102;0,2663370;-2,8121300;-0,0435359;4,4573898;8,3532801;2,3701100;4,1142302;7,4971600;6,7672601;7,8792200;8,8000498;5,5771699;9,0426197;4,6197100;8,7898302;4,1438799;7,3639002;0,0888844;1,7046100;3,7712700;4,7748098;2,1634400;5,7193699;1,9675100;6,1913500;1,2540200;2,1110799;1,1523900;2,5490000;9,1481504;2,6348901;5,1684999;2,4069300;1,7076499;6,0057201;3,5092800;2,7790999;0,1714120;1,5708600;-0,7266810;4,5105700;0,3093810;1,4200799;7,2186198;3,4647000;4,9275999;-4,2079000;1,9417800;0,8135430;-2,5115199;-0,1542980;-0,0780904;7,2380199;4,2705302;4,0957298;3,4893899;-1,5430000;5,5756202;2,6819501;0,1011900;4,8062701;1,4101200;4,1810699;-0,3428260;16,0463009;9,6275501;0,8248130;9,8262100;1,6463600;4,8865399;6,1253800;6,1690001;1,0150400;2,9656401;2,0692000;3,9761500;3,9787500;5,2126398;4,0382500;2,8425500;4,4796700;4,9213099;2,7488699;2,6368899;2,2690201;2,9149301;5,0208902;-0,2996910;2,9130299;1,3792400;1,1184200;4,3500800;-1,7453200;0,1909370;2,6024899;2,6427200;0,8609560;1,3280400;3,1258600;2,6921000;2,6414800;12,7315998;2,1228900;0,1897100;-0,9943420;4,3611302;-9,5735998;0,1966610;-2,8679099;1,1339099;3,0140600;11,8141003;10,6877003;5,2130599;2,3556099;17,6273003;-4,8918900;-2,7430601;14,6833000;3,5562401;0,4042940;5,5388298;3,6419899;7,0892701;2,7595899;2,2864201;5,7107000;2,6472600;8,0863104;3,2874300;6,3521299;5,2399602;11,3074999;9,3842001;3,9596100;4,7270298;5,5122800;5,4170799;4,1303301;7,9619198;3,5291100;4,9615202;4,9986701;4,9119401;9,7702799;5,3809400;5,8819699;-8,1536503;0,8098470;0,8922010;1,4569900;3,2538500;4,1134000;-0,3006970;4,3256798;3,7529800;1,1172600;4,6821299;2,4074500;3,2576201;-0,5799780;1,2395800;7,5024700;1,8712800;1,4488400;0,0308197;1,3347300;12,7017002;4,3182702;4,6993198;2,2595401;3,5939901;3,9400001;-1,1850100;3,6539600;5,4881101;2,4251699;13,5551996;5,1542702;8,9266100;9,6811800;10,3575001;10,2851000;10,7557001;10,9426003;5,1070800;9,5618200;10,4120998;6,8767700;8,7363701;6,5629301;8,7470598;7,5098901;8,4360800;13,1683998;9,6581898;5,9422302;11,1287003;1,5397600;4,9286799;5,7962699;5,7220101;8,9441004;6,7579999;4,1189499;4,8382301;11,3698997;2,2049100;9,0120497;6,4001698;8,9989004;4,4768400;11,7230997;9,9691401;9,6061802;5,7360401;5,8262000;9,1829004;6,4111300;2,3729701;9,0267897;10,2507000;8,2890396;9,2182198;6,6449399;8,6515398;9,2631197;12,7466002;6,5644398;15,0873003;6,3722200;11,2264004;11,0003004;6,5949001;12,9580002;7,6765099;12,2377996;6,2664499;4,7298102;12,4088001;8,7160902;11,5381002;14,4197998;10,0483999;7,1350799;7,3808198;6,5360098;7,5983400;9,9019203;12,0363998;10,4791002;7,6217699;7,5053401
363599;6353461;434641,799999999988358;5704683,200000000186265;240,3999939;0,0000000;3,5353301;-1,3961900;1,9575100;3,7807100;1,9025199;2,9960401;2,6497900;2,1481500;4,8615398;2,6132300;7,3843298;4,9558501;3,4875600;3,2083499;4,8418698;2,8602400;3,1732099;5,6967101;1,5257400;2,9718800;0,8859340;0,4868460;2,0851400;-1,9829400;2,1803501;0,6724780;0,9492840;3,6960700;3,4656100;0,8931410;2,5093501;6,6146202;2,8817101;1,9555700;4,3144202;-0,3528160;0,4775570;-1,9896801;5,0038900;1,0416600;2,3419399;0,9892950;4,7718000;1,6213500;4,4017301;2,7937000;0,0348010;2,5739501;0,9943410;9,9547901;1,8962200;0,6417710;0,8290030;4,4197898;3,3411601;-0,6083590;2,4952800;1,4512500;0,8212650;0,0038919;0,3789760;-1,0104600;-1,4975300;-1,7676800;0,9299190;0,3515840;2,1575699;1,0425500;-3,3427300;5,9021301;-0,0811820;-1,7732500;1,0152200;1,3688600;-2,1257100;5,7746902;2,2279301;2,3503799;5,4202399;2,5934100;2,9783800;4,0268402;1,6691200;6,3935299;4,5283799;5,8432498;4,9032502;3,9691100;2,0658700;3,3894000;0,3816580;1,8219000;2,4366701;-0,8590070;2,7525499;-1,5556700;1,9485800;3,2259600;3,2534599;8,2086697;1,7197200;4,1254001;3,4142301;1,5452900;0,1806360;1,0644000;0,0240722;1,3584400;2,7800500;3,1110001;3,0351400;3,2468200;2,7675300;1,2552100;2,5200801;2,3578899;-0,7826840;0,6005350;0,1809790;0,1485060;-2,3320000;2,6103499;2,2059200;-0,7252580;-0,5162700;4,3026400;3,2055600;2,9971600;1,0918000;1,1778899;2,8415401;-0,2380110;0,4368820;4,4067001;4,7470102;3,3838501;5,2224998;5,5444698;2,2423401;0,7885590;2,2643900;4,4001002;4,5883598;0,3241580;4,0757599;2,5760601;4,4301200;6,9223800;1,8471700;2,9247100;5,5813799;5,7033401;5,7919598;4,9586401;9,2771997;4,2125502;5,0270300;4,5266600;4,9763098;1,2568800;7,7833900;5,6188302;5,7488599;-1,8200400;3,1680200;2,2124100;4,0627999;5,0714202;6,3303299;3,3600800;1,9671100;2,2672400;2,8139801;3,9083800;2,9122500;0,5026810;5,5212998;5,0634398;-1,6643200;2,3113401;3,6334600;3,1115401;3,2126801;3,7780600;1,4776700;4,1100101;5,0016599;3,4974799;4,1755900;5,1280699;-2,2111199;0,0914679;1,6163200;3,5608499;-0,6862690;8,5738602;-0,2420360;4,4357901;5,4088402;6,6107202;4,1408801;6,6598501;9,9193802;5,2692199;6,7398801;7,6633801;6,9940801;7,0192499;5,0447202;7,0667400;6,7456198;4,0629601;4,3376398;9,4713697;8,5512800;6,2356701;4,6193800;5,0492802;2,9899900;6,7677598;5,5243702;4,6632099;6,2832899;6,9292302;4,5784402;6,7356400;5,2226100;4,5087199;4,0578399;4,8157301;3,4249599;5,0400100;5,6125998;6,5040302;5,7023101;4,5991201;7,2331500;6,2716599;7,0669899;7,7542701;4,6320801;5,4426398;1,2605600;4,7389102;4,7270298;5,3158898;5,4920702;9,4313803;4,2650199;5,7104902;4,9330702;4,4173002;9,1977100;5,7823300;3,3240499;6,9766302;4,9001398;6,8071098;4,3121600;6,8070998;3,7063301;3,7825899;7,2173300;4,7726598;8,3709497;6,1894102;5,0461202;7,3772202;6,8251200;14,8521996;8,9659004;5,2271800;5,2461100;5,2969999;5,1865401;6,9178801;6,3836098;6,6322799;4,8683000;5,7224498;4,6882401
363600;6353462;434669,000000000000000;5704690,200000000186265;254,3999939;0,0000000;3,4941499;2,6842201;1,9586400;0,3980770;2,8145900;9,4736605;3,9435301;1,7611700;6,3254299;2,1551900;6,9568000;4,1985302;4,0682001;3,6314800;6,9267101;7,0940199;6,0862598;9,1127100;1,4221500;-1,2826600;-0,6013470;-0,8003310;2,7047999;2,3792400;7,1502800;-3,1393700;6,4525199;4,9028702;-2,7665999;0,5992130;2,6311100;2,9638600;7,4160399;0,6630190;4,5991998;2,2793100;4,7217698;4,1545401;3,0738299;8,1868401;6,4365401;6,6034002;-2,8327899;1,3822800;1,1452700;-3,1408200;4,0555501;11,9846001;7,6327300;1,8778300;3,4724801;3,5376000;10,8713999;-4,0211501;0,9886570;8,2171202;5,0469599;-4,8127599;7,4420400;7,7225099;6,4852300;3,3101799;-5,7663698;6,3475499;7,6022801;0,7607760;-2,4765401;2,2349701;5,6560798;2,9406800;6,2097301;6,0276499;2,9475000;3,2293200;15,6632996;-1,2836500;2,1652901;-0,6702240;6,0409098;3,5009401;5,4542298;6,0791302;4,6152601;3,8290601;4,6170402;-0,7295250;5,3603201;-0,1627710;6,1831899;4,2525101;5,5713301;1,2645900;-1,1991200;6,9604502;1,3131599;6,0364399;-7,3961802;2,9976900;7,0603800;9,4506102;2,0020299;7,9548802;-2,0911801;-6,3918900;4,0218601;11,4124002;1,9432499;-5,3300400;13,7865000;13,8325005;11,1415005;-3,7493801;2,0741301;14,2517996;-0,1266170;9,2503204;7,4090900;10,9533005;15,5089998;2,0288401;-1,4903400;3,7792201;7,2333999;4,9614000;13,5179005;3,1070600;5,1269999;3,7981801;0,4796070;2,0095201;2,8708100;1,6636900;3,9448299;4,5686998;8,7066603;1,2264200;-0,5455270;0,1321510;-0,6911350;13,8211002;10,6302004;4,2870498;8,7938204;3,3794301;8,2324495;3,3930399;6,5959201;7,5598798;4,4425201;5,8319502;5,3283801;4,0404100;6,6546302;4,0806899;9,6828499;-0,8518350;7,1545200;-1,0273900;5,9687600;6,0568199;7,6076398;7,6660800;5,5785799;1,3707100;5,6448798;9,0654001;3,8798699;5,4330301;5,5404100;14,0213003;4,5388498;12,2166004;6,7636399;14,8536997;-4,3201499;3,1778400;7,4081898;3,3113699;3,5524399;2,4910700;7,6858902;4,7950001;6,1619802;4,4416199;0,8274750;8,3154898;0,3779740;5,0429902;8,0358295;0,5110600;8,6321001;10,3706999;7,4093900;10,6653004;9,5883303;8,2535105;14,7908001;6,4325600;8,4715996;5,6196499;6,4973998;-0,7675270;6,7983799;7,5274801;8,2828703;7,4030800;3,8632300;8,0580597;8,7264500;5,8483200;5,4715500;9,7271700;6,8778400;9,7063103;7,0953598;5,9011898;20,9594994;8,7490997;5,2379599;10,4391003;7,8115001;11,8868999;3,2870200;15,5515003;3,7808900;12,2054005;-0,6688960;13,2223997;8,2309303;15,2347002;11,5858002;2,5711801;11,3170004;4,1180401;5,2372899;8,0087404;5,0570998;-1,1524100;4,6821799;-3,5331600;5,2492399;7,6795101;5,2850199;7,4803901;2,7173400;4,7979898;4,4387102;3,1690600;2,5153000;4,1019402;5,5766602;1,5020700;-1,2845100;6,8722000;1,7374001;6,2065902;4,4039502;6,0946498;6,8853302;1,1732301;8,4049597;7,1488199;6,5204301;8,3853197;7,0465102;8,1211596;6,4168901;5,7534699;10,8430004;7,1604500;8,6103096;6,4050498;6,3585901;2,5616801;8,0959501;5,6330800;10,0509005;8,9881601;5,1602702;9,6607704;5,3763299
363721;6353596;434645,700000000011642;5704692,500000000000000;229,6000061;0,0000000;3,2502201;3,7474899;7,4986501;4,3290701;7,1548500;8,1260099;9,9515495;6,1185298;7,7346101;8,8266001;10,9786997;10,2876997;7,7250199;5,5556302;13,5303001;11,2771997;7,6201901;10,7226000;10,6254997;14,0636997;9,6149702;8,6076603;8,5071001;8,5671997;6,5146399;7,5590701;6,1436100;14,6001997;4,0082202;7,7059302;10,4216995;9,1914597;8,7428398;9,6167698;9,0922899;10,9300003;10,2507000;13,4115000;11,1282997;13,4052000;12,3233004;13,4493999;15,9714003;13,7909002;16,3355999;13,1785002;13,1661997;13,5489998;12,4476004;9,5581598;11,1231003;8,5131102;16,3176994;12,0726004;17,3477993;11,6225004;8,3755703;7,8752198;13,0545998;13,9108000;13,9687996;11,9541998;11,0784998;10,3952999;10,4736996;6,3336601;7,2446299;9,0409803;11,7622004;10,6534004;9,4956903;8,4886303;6,4593701;6,9231501;5,9992900;8,4677801;10,7516003;10,4408998;8,4415998;12,3122997;7,5089102;10,4055996;4,0135498;11,1758003;9,1333904;12,0944996;6,7253399;6,4022002;8,1127996;9,0597296;8,1027098;10,0094004;8,6827803;10,0038996;13,5465002;7,3409600;8,0711899;12,8542995;15,1920996;10,8678999;15,9575996;9,9171896;13,8105001;13,2816000;9,0916300;8,2150698;11,5396004;11,1759996;19,7942009;10,5766001;6,1154699;9,5207100;10,9181004;12,1259003;11,2441998;11,3378000;13,4463997;12,5347004;12,1955996;7,2328300;4,5397301;14,7468996;11,2951002;2,5055799;12,6296997;12,1541996;14,5096998;6,0984602;6,5909500;12,8997002;14,6192999;21,3185997;3,3408999;15,6259003;4,5711598;13,6948004;13,8114996;8,6456404;10,9078999;12,6244001;16,8160992;10,2374001;6,2935200;4,4711399;12,7577000;12,1740999;12,2487001;11,2468004;13,4316998;17,5158997;9,0057402;8,9622097;11,7238998;10,5444002;4,8089600;2,3145101;13,5063000;16,4827003;16,3474998;13,6337996;19,9757996;14,4566002;15,1259003;15,3402004;12,9766998;14,4434996;16,6285000;10,0202999;14,1793003;14,4066000;13,6646004;14,3493004;13,0234003;12,6591997;16,1627998;12,7566004;18,4680996;11,8160000;12,7040005;13,9399996;15,0416002;14,6548996;14,7965002;13,0452003;17,0583992;12,9780998;14,8268003;13,3297997;14,2287998;17,8034992;12,6892996;14,2769003;11,7448997;-4,5257201;19,7961998;11,5144997;11,6006002;12,5362997;7,6357498;1,0436600;8,6116400;12,6299000;11,7062998;2,9412100;13,0433998;10,0601997;6,9784799;11,4399004;12,7476997;9,3995304;13,9301996;8,7330399;10,8598003;8,9343395;14,1422005;11,1184998;11,8710003;13,3148003;12,4579000;12,6591997;14,6566000;12,4244003;13,7138004;13,6386995;16,4323006;21,2893009;12,3058004;9,6491203;10,7083998;11,5211000;6,4643002;11,0108004;7,1327000;13,4639997;8,9250002;9,6634798;7,6879401;12,8730001;6,9946899;9,0698996;17,5788994;6,1153598;8,9719200;8,7721500;10,3851995;10,7847004;6,1489701;8,7994204;9,4462795;11,2649002;9,0329704;11,1410999;11,9270000;8,1919498;9,2866001;10,5595999;9,8363304;9,4211798;13,0244999;9,0954905;8,6190395;9,1893702;9,4210100;9,0143099;11,2785997;8,5238600;11,3590002;11,4362001;17,0168991;13,5398998;20,3181992;16,8211002;11,7915001;15,3369999;15,3649998;10,0741997;11,3513002;13,7313004;14,7475004;11,5563002;13,3346996
363722;6353597;434669,599999999976717;5704698,299999999813735;243,8000031;0,0000000;2,9533401;3,2033801;3,9228899;1,9870400;3,2634499;-1,9771500;1,1185100;5,3358798;7,1161098;4,6622200;5,8410101;3,9278500;5,5537300;6,2210398;9,1618204;3,3622200;12,0528002;5,6357398;-0,4667500;6,0897298;4,4592700;2,9755299;2,6819601;4,9139900;3,7098000;7,8739100;3,3710999;1,0230300;3,0243101;5,8593502;3,5276799;5,3814301;1,1686300;3,1422000;5,3722301;4,6306500;5,1682200;3,5062101;1,0988600;7,7532001;5,2447701;6,0409698;5,1561399;5,6306901;4,0079498;4,0879598;5,5827599;3,7751200;5,9925599;5,6452098;2,8458900;4,9799900;6,5924201;7,4191298;-1,4384500;5,5708499;4,8608298;5,4611402;4,5264802;7,0905700;7,4943099;6,8674998;2,7542801;6,6985402;4,1500702;4,5029602;-0,5524530;3,9090900;7,2094202;5,3875198;0,7413240;3,6249199;1,6620700;3,7769499;3,6929400;1,7491601;5,6853299;2,9542699;1,7362700;5,6922698;6,5804701;4,1681299;3,0224500;5,0485101;4,2273202;3,2386301;9,1460104;2,3841901;5,2268901;4,4337702;1,5993100;6,7993002;10,4708996;7,9162402;6,5355201;9,8153296;7,3054099;7,8205500;7,4756298;9,5719404;6,1655698;9,1944799;10,6056995;9,7028503;8,6560297;7,5602198;7,2460599;6,5017400;10,0103998;6,4096298;7,5811701;5,3134799;6,2934299;6,9845200;9,5782204;6,6002498;4,6378198;5,1855202;4,9134698;5,9723401;3,2862000;5,8236899;7,2820101;4,8744302;5,0475402;6,0515199;5,2510700;4,6493902;1,1839499;8,6341000;1,6872600;3,3201699;2,2804799;3,0042300;1,8634200;0,9514820;4,7823100;6,9735298;7,0153198;9,7977896;6,3068099;6,4435902;5,7521200;1,3168600;3,8394499;4,1442800;8,2257299;9,1225300;3,6533999;8,6359196;4,6518798;4,5893798;5,5306602;5,5011101;6,8055000;3,0864699;6,2376499;2,2159901;5,6671901;7,2599101;7,6380200;8,4828901;5,0877399;6,8413901;7,8667698;7,3394198;6,8936200;8,8027000;5,1494598;7,5751300;7,9738102;6,3205500;7,2631998;4,5929799;9,8567104;7,1146202;1,8242900;8,4996099;4,9164600;5,4626298;6,6758099;3,1080799;6,3781900;4,0478301;6,5665398;6,1430802;7,8383298;3,7537999;14,0542002;4,7165098;7,6266999;9,7033901;7,8791099;8,5776901;10,5123997;8,4248199;5,3668499;8,3304996;8,2685099;6,5351501;6,3203301;6,6209302;7,1795101;5,7046199;8,7587900;5,8415298;7,4781699;7,1823001;7,1039701;6,7812800;9,4206696;7,1485901;8,5416698;7,4773102;6,5243802;8,3061800;5,7077799;7,5218401;6,5736899;9,5040798;7,6052699;9,7548304;3,8073001;10,8926001;6,9221802;8,8282099;9,5538397;5,7188802;6,6393499;1,7190200;4,0893602;5,0541501;8,7614403;4,8947101;6,6013098;6,3663301;7,5223699;1,4908100;7,6936998;5,5498400;4,1208701;5,6727300;6,4563599;11,1893997;4,2101698;7,8789501;3,6912999;5,6891398;7,2099700;3,9235699;3,1553600;2,7570200;6,5613499;6,2499099;7,1506801;6,1708598;7,7667699;8,0151100;7,2704000;7,3592100;7,6343298;7,8014798;8,4987803;8,8024998;6,2588701;6,8161898;7,0378098;6,4867301;8,3366299;6,9939299;6,0280800;9,6491404;6,5211802;6,5575199;7,8683500;10,1768999;7,1367002;6,4066401;8,5983696;7,1572499;3,9383700
363723;6353598;434673,799999999988358;5704704,000000000000000;239,3000031;0,0000000;-1,2273600;0,8372800;1,0658400;0,6665200;0,2156890;-0,7829460;-1,4638000;1,2762300;2,5313499;3,3274801;1,3402700;0,5687360;4,7023101;1,7726800;5,8038902;2,9805300;0,3618780;5,8697801;-0,2690110;1,4689500;0,3804810;-0,7884900;0,6103610;1,4573700;1,6876200;1,5496200;0,6184830;0,2898070;-0,7014620;1,8387100;1,3704400;2,2883799;0,3239230;1,1816300;3,4844201;2,5668299;2,7220099;2,3314800;0,2770810;1,1846900;2,8760300;1,9523200;1,4079000;1,8494600;1,9180800;0,8078090;2,3248601;2,2534101;1,7017900;1,3259600;3,2449999;0,9918140;-1,3550500;1,1241400;-1,4765700;0,8209280;2,1525300;0,7517180;0,2935660;1,6014900;0,9654330;0,4765650;-0,5565020;0,0892595;1,2661000;0,0889912;2,9641700;1,5864500;1,2604001;0,5459200;0,0573153;0,0038085;-0,3926030;3,2964699;-0,7486310;0,4929100;1,1209199;1,7614900;-0,4724420;4,1641002;2,6870401;2,0811801;2,7292600;3,1080201;1,3839000;0,3354350;4,3494301;2,3674300;3,2578900;2,4727399;2,1997199;2,7606900;1,1351500;3,5404699;1,9066300;5,1353502;1,5068400;3,9489601;3,2257299;4,3585300;2,7794099;3,6515200;4,3807802;3,6552899;4,3887300;3,2893100;5,0944901;2,4230001;3,8227899;2,3951600;5,3037601;3,9388299;3,9875600;4,2224002;4,8031402;1,1213599;3,1317599;2,0116899;1,7213500;0,2387970;-2,5359700;1,1061701;2,4629800;3,0880101;2,5390601;1,7542500;4,3045602;2,2996700;1,4197800;0,3874060;1,2872601;2,7723899;3,4235699;2,1956000;1,9127001;3,1048200;2,8711700;1,3848799;4,2558098;0,3220480;2,2673299;1,1112700;2,4661200;1,4114799;4,0050602;4,2218900;3,5973499;1,2296100;3,9011500;3,9699199;3,1469500;2,4251001;2,0615399;4,7003498;3,5741701;3,2669101;3,9230001;0,8715960;0,0791190;-0,2269920;3,7491500;0,6786020;3,1278701;2,9458899;2,4530900;1,8118000;-0,1974420;3,3474200;-0,3931310;2,7110400;1,8700401;-0,2385290;1,5920399;-0,3924200;0,5418810;1,5971500;2,8133700;-0,3856280;0,1412050;2,0117600;-0,5094610;3,6666801;-0,9989940;1,8930399;1,8193901;0,7588250;0,7738250;1,1241100;1,7639300;0,9742740;0,0388174;2,6983500;4,5320001;2,9935701;2,8167300;2,7321200;-0,8559060;7,5370302;4,9043598;3,5571401;5,3510499;5,0934901;4,6877799;6,1302500;6,5933199;3,3697901;2,7142000;2,2547300;4,0826898;1,5183700;4,1259599;5,0386000;2,3183501;5,3290901;4,9496298;2,5519500;3,7504499;3,2736800;4,2733598;4,8999400;4,5209799;3,6689799;4,6128898;1,8949701;4,5202498;4,1382699;3,1834500;2,2713499;2,0954499;3,0916200;1,6611000;2,6421700;2,9360800;2,4045999;2,9379399;2,6246500;5,2709298;3,9856901;6,5098801;3,8624101;3,3125701;2,7855101;2,9333701;3,5889299;5,2558198;3,5868299;1,8779700;4,9923701;2,6543200;5,5527701;1,5414100;4,3148198;3,6999500;4,3624101;4,0570102;4,7726302;16,4318008;3,8913901;3,2405901;4,8193402;4,5322700;4,0016499;3,5851700;2,8293099;7,2136598;4,2509298;2,7052801;3,4231801;5,0314202;3,4126301;15,1342001;5,5379901;5,0735698;5,3686399;5,1546998;4,2381802;1,6243600;4,7335601;4,9788098;4,4519000;3,3028901
363873;6353767;434679,400000000023283;5704710,099999999627471;237,8000031;0,0000000;-0,5273830;2,8144300;1,1273100;0,9453910;0,0196600;1,0062600;4,1857901;2,0267999;-0,0943699;1,9021300;3,9954801;3,8349400;3,7470100;-1,6411200;3,1240001;5,1287799;5,3929400;5,7977901;7,2134500;2,8320401;1,6990000;1,6950001;2,0976501;2,4630301;-1,2823800;-2,5376101;2,6890600;-4,1061201;-0,9507440;1,1265900;2,3263199;2,8770900;2,4207699;5,6583600;7,1523600;3,0614200;4,6534400;7,9373002;13,6667004;3,5060699;4,6865301;5,0574698;2,6391499;1,1410000;3,4257901;2,4729500;0,8005640;2,6452000;2,4044700;-0,6999860;1,4478300;1,5245200;2,1098199;-0,0305233;0,7442520;-2,1768799;-11,5499001;3,7279401;-8,6519804;3,1097400;1,2383200;-0,4479850;-0,3827820;1,7082500;2,2099400;0,3073930;-0,6738110;-0,5314450;-7,4042401;1,5898401;2,4225199;-0,9820480;2,5366199;1,9604700;-1,3820800;1,2200700;0,7755910;1,9551700;6,1356001;3,1193900;4,3311801;-0,8268990;4,7476902;6,2082000;2,7406499;2,1259699;2,8339701;1,8513700;4,4305601;3,2490301;1,0773500;4,0618300;6,2376800;5,7781601;6,6042500;-1,4479700;3,6270001;3,0558000;5,5481701;9,0202999;2,3670599;3,4546399;2,7789600;4,2571602;3,3420999;0,7401270;7,3003898;1,9791900;4,9531598;3,3371501;2,0725701;3,2059500;3,6803501;2,9417400;-1,6433300;3,0000701;-3,4139800;2,7756000;1,5211300;2,9560800;4,6028900;2,0346100;4,7683401;1,9871300;1,9786900;3,3871701;5,0075302;3,1192999;1,2812300;2,1600599;3,5396299;-1,6931500;3,4185300;3,4539199;0,9120000;3,3276200;3,5957401;5,0816202;4,7584200;2,7789900;1,1904200;4,7753100;4,5216098;1,9410200;5,8815598;3,4945500;7,0641198;-0,7548650;3,7824600;2,1957700;0,9460580;4,6339898;10,4575996;4,0955601;11,5123997;2,9076200;-3,9323399;3,1473300;5,1099801;4,8765998;4,7085500;8,5775700;8,9838305;9,4732704;8,1256304;6,4176102;10,6752996;4,1437201;3,8864300;7,3853998;1,4500800;3,2280600;-0,8091520;-1,9681100;-7,4307399;5,2139902;5,1768999;3,3669400;2,5223300;0,2342290;6,8151999;2,9852400;5,6483498;2,5670300;4,8406301;2,7974300;2,2701700;1,9449700;2,5930901;3,4131501;1,2977800;4,4175901;4,1055598;2,3460701;5,3722100;3,0868599;5,0690498;8,4157801;6,4019599;5,8282299;3,6865201;10,3226995;10,5142002;7,2136998;4,5359502;7,8153701;1,2221400;11,1794996;2,7717500;10,5718002;3,4987800;-0,2733410;8,0145903;9,7742205;6,9007702;7,0500998;8,0792999;6,0324202;8,0612001;6,8714700;12,0564003;4,5737000;7,4262199;4,8151999;14,7233000;5,8095102;1,3137200;5,8889899;8,1140203;6,4291401;1,6512100;3,9926200;5,9290099;8,0516901;7,6677198;7,6944499;5,5015702;6,8570700;5,3176298;2,4831800;12,0366001;7,1671000;2,8226099;3,4206700;5,5665698;8,1033001;6,9300098;9,8942604;6,0922999;5,3983598;6,2147698;10,5536003;8,5227203;7,1296301;7,3984799;5,5795002;4,7165399;8,9797201;7,0341101;4,6640000;7,5782099;8,0378103;5,8987799;3,8452899;7,5578799;7,5778499;8,0223799;10,0548000;5,3541899;8,1701298;10,9102001;9,6145601;5,2593098;3,8760300;5,5091000;7,3150802;7,8486500;7,1935201;5,4659400;7,1415501;3,1200399
363874;6353768;434678,000000000000000;5704712,400000000372529;230,3999939;0,0000000;6,3498502;4,5309501;5,7641602;6,5330501;3,5054801;8,8028603;5,7462101;9,5974598;9,7238102;4,4842901;8,6776304;7,7256699;8,8820696;8,7582102;9,6926804;9,3670101;9,0996904;7,0044699;13,0768995;8,2586899;6,0477500;8,4213104;4,9198098;4,3960800;9,0282097;8,2116804;6,2479300;10,8133001;6,4486399;11,7725000;10,5479002;6,7195601;8,6346798;8,9766903;12,6416998;12,8743000;11,3360004;8,6281300;10,3010998;11,6747999;10,9848003;10,5348997;10,4995003;8,7785301;7,1811500;9,4102201;8,5708704;10,7391996;10,0475998;8,9995899;10,7301998;8,9061403;8,1300097;9,5301905;5,1614599;8,2648201;8,9672804;12,7501001;9,6604605;8,0811796;9,6219196;9,3097801;9,1326103;7,8527198;8,7489100;9,0739698;4,7991800;7,9025798;11,7282000;7,0994802;9,9471302;6,8979001;7,8307600;8,7951202;6,6363802;5,6188898;6,0869598;10,3810997;5,7219300;6,7041602;9,6325703;6,6457601;6,9852200;9,3823605;8,8453398;5,8257999;11,7561998;9,0407600;7,5352702;8,6981001;7,4099102;7,7683601;8,8377304;10,0705996;8,7122097;11,4799995;8,7295904;10,3800001;8,4881496;9,7111902;8,3747101;10,1499004;12,8731003;11,7874002;11,9719000;10,9217997;4,9048700;10,5886002;12,3369999;10,4433002;10,3683996;9,0185099;10,4900999;9,5369997;10,0316000;8,1169701;3,7088699;7,3028898;6,9912500;6,1248102;6,7372198;7,8555999;9,9639196;12,9438000;8,7078505;8,9392300;6,3555198;9,8580599;6,0572000;7,5816798;7,2349401;2,3450799;8,7299604;8,8009501;7,8793302;9,5431604;8,5715504;10,6639996;12,5110998;9,5715103;10,2349997;14,2709999;11,7299995;10,7072001;8,0614901;10,9181995;10,8910999;9,4706602;9,0285301;5,2906399;9,8843603;9,8039303;8,7387695;9,5009403;10,8359003;11,1857004;7,6469102;11,8786001;10,1744003;10,9089003;12,0730000;9,3427696;10,0092001;12,1171999;10,8133001;9,0987701;10,0783005;9,0663099;9,3492699;5,5507798;7,4489002;3,8257799;8,5308199;5,1485300;8,6996603;4,2622800;11,7089005;9,9599400;7,7834802;9,4969397;7,9118500;8,3865900;11,0654001;12,6688004;10,8878002;10,1673002;8,2425499;9,2235403;8,5711498;10,5188999;9,5217199;10,1913004;10,9117002;10,0875998;9,5089903;7,3171401;15,3422003;16,4468002;12,7535000;11,2968998;8,9695196;13,6548004;13,0474005;12,3773003;13,9668999;12,1636000;12,5670996;12,1180000;11,0677996;12,6018000;11,3612003;14,7769003;11,1435003;12,9784002;12,6645002;11,9693003;13,0670004;10,6218996;11,7284002;12,4104996;11,0039997;15,6250000;11,4989996;12,7531004;12,6766005;13,5904999;12,3371000;9,7572203;11,0965004;12,7258997;8,2946701;12,6145000;9,5505199;9,3883896;7,4774098;9,9065599;13,7905998;12,0009003;13,4533997;10,4734001;12,7336998;11,1969995;10,8025999;9,6027498;8,1018105;8,4969902;9,0965700;11,1898003;8,7081804;8,0905504;6,0543199;11,7494001;8,1170902;12,2398005;10,6865997;8,5310202;0,7092620;11,2173996;9,6169901;5,5293298;13,0010996;9,6413603;2,4199400;11,7853003;13,6121998;10,2007999;14,2979002;9,3565903;12,2234001;16,8764992;17,5130997;22,3031006;12,8507996;13,9370003;16,1863003;13,5181999;10,9631996;11,8948002;15,3430996;15,7986002;15,5158997
363993;6353914;434683,799999999988358;5704718,099999999627471;230,5000000;0,0000000;0,1062770;2,8779199;0,1443500;0,2913090;1,5278000;0,0440488;2,3339100;0,3404430;-1,5288000;0,8339100;0,1194750;0,1347800;4,2050300;-4,2324700;4,2959800;5,1964598;0,6613980;4,1851902;7,0939202;2,2221401;1,7228400;-0,8316380;4,4910302;-0,2504030;0,2321270;4,4344802;-0,4850860;1,3119299;3,0111101;-0,7753980;0,0715590;0,8915190;3,0072999;4,1915898;6,7101998;3,2878201;1,3249900;2,3955700;3,6146200;4,2789102;3,6313100;7,1307998;2,7364099;1,2695000;3,1303999;4,1952100;3,8805900;2,4909799;3,6861999;4,5312700;0,8644090;2,3328500;4,0564098;4,0561700;0,1714600;1,3295500;3,0147500;0,6016890;1,7647700;3,7612400;1,0300300;4,8230000;-1,8829800;1,9352000;-1,8288500;2,3755100;-0,6485670;3,4094801;10,4617996;2,3354399;-1,4319100;1,7339000;-0,1638850;-5,7025800;4,8902402;-0,4929170;-5,0994301;-0,7312740;1,6702200;2,3105700;3,7044401;2,4940701;6,0174799;3,3767600;1,6504300;-0,0796008;3,5949700;3,5065999;0,7682500;0,4041820;-0,2926370;8,6546497;5,6326699;5,2956700;-1,3839500;1,7716300;-1,7181500;3,8403599;2,1565700;7,3084202;4,7926502;-3,1239500;8,4169998;6,1682000;5,1180601;6,1875601;4,8276200;5,9115601;3,7653401;2,3253100;4,0451398;6,6112700;5,7734499;1,7864500;3,5761700;7,8056798;5,2060699;3,7738700;2,6263499;3,8294699;1,8658299;1,4730999;3,9211900;2,1189799;2,2111399;2,9098499;4,9008698;4,1433001;0,4834030;0,9822980;0,3692280;-7,4550099;0,3279940;0,7746470;2,4980800;1,7825900;5,3495998;3,3956699;9,7781200;2,3512299;3,3730700;5,0472798;2,6247900;0,9647770;4,5435400;4,4442902;5,4478002;1,1202000;2,4913199;0,3059190;5,4800701;3,4231400;-5,7570400;0,8578420;-11,0159998;-10,6553001;6,4886999;-0,6244620;2,6853199;-2,9329100;3,4776001;8,7039003;8,0414400;4,8184500;2,2484701;6,3504601;-0,1450790;4,4600301;3,3659599;2,5505099;2,9730699;4,8080902;1,4577100;2,1494501;1,4405800;0,3869340;3,5108800;1,6994400;-3,6520801;2,7806101;5,8252602;-0,5596730;-1,9219000;2,6149399;-0,4738040;3,4031899;6,4721799;0,5116140;-1,0844800;3,1566701;4,4846201;3,5120299;1,4196200;2,0642200;11,3355999;3,4655900;4,4072700;6,9491100;2,7249401;3,2759099;5,3631301;4,0168500;-1,2188801;1,3973600;1,8369100;1,8784900;0,4169920;0,3435040;5,0637798;1,4472800;-0,6026610;3,8879900;-0,7512620;-0,0558672;0,9180570;4,5243902;-1,3940800;2,3208101;3,8159001;3,3238201;5,2805500;2,0778301;1,3475800;1,4095500;4,4320598;5,5046902;6,3956299;3,6354101;3,8738401;12,0353003;-4,9158401;1,0719800;-0,0545130;2,4213400;1,3508700;3,5384200;-4,4527001;5,7706699;4,6924400;3,4007499;-0,6035490;3,0052299;11,0822001;2,3295901;2,0930600;5,7166600;3,6344700;-0,2341080;0,9017240;0,5199300;4,5997500;1,6178600;2,9961700;3,0244300;2,9867001;2,0312500;3,7166400;3,5018101;5,1193199;4,7754302;10,5551996;8,6676102;13,3396997;-3,4132600;5,7579002;7,6012702;14,0609999;6,0612302;8,3445997;-3,4705400;9,3430204;-2,2787800;0,9811200;-1,0248400;4,3369799;2,8219500;4,5879598;6,9543800;6,9449000;4,8446698;-3,1112499
364224;6354187;434748,500000000000000;5704750,799999999813735;261,7000122;0,0000000;0,2133590;-0,1437210;0,2801890;1,1730500;0,1923070;1,0050200;0,1944040;-0,8107980;-0,2358380;-0,7315020;3,3631301;0,8966060;1,8973500;1,4604599;-2,3328400;0,1179000;0,9505000;-10,9263000;2,0730100;-1,0112700;0,6618480;1,5157900;2,8381901;2,6269000;-0,0839280;1,6701699;0,6206630;-1,2409900;1,4114600;0,8641090;3,5245900;3,3922999;-0,8531940;2,4929199;0,8251250;2,8983300;4,0296001;2,3568399;2,0429001;0,2811840;2,6051199;-4,2610202;0,3184450;-0,7932460;0,2601850;0,2025200;2,1788199;-0,6408800;0,2275890;-0,1199900;1,3975000;-0,4378860;-3,4018600;-5,2596998;-8,9027205;-2,6903400;-0,3399230;-0,1831450;0,1602270;-0,5555350;-3,1684201;-0,3824400;-0,9495320;-4,4091001;0,3676200;0,6460780;-1,2298000;1,4058900;2,7744601;2,2990501;-0,7366570;0,3296040;1,2381200;2,0657699;-1,1961700;-0,5075500;3,4502399;-1,1121200;0,2813570;1,4505100;1,3443600;-1,1204600;0,6813630;2,0895400;1,0815001;-0,0294868;2,6240499;0,1613920;2,8316801;2,5585499;1,9244000;0,1526160;0,9435430;15,5284004;1,8096300;3,7528200;1,3534400;2,7304299;3,5766799;3,7234700;1,6365300;1,6121300;2,8891301;0,3532410;1,9300200;-0,5829800;1,3459300;-0,4793350;-1,1294100;1,3069700;0,7679050;0,0744317;0,8778700;-0,9185080;2,9173701;2,6744201;1,5052400;0,3821850;2,0270801;2,5347300;-0,7109270;2,3238201;1,2066801;1,1661201;2,0183599;1,9965900;4,4267101;2,7001100;1,4125800;-1,3949600;-0,1305020;-1,1097200;1,0684700;4,8290501;0,4120780;0,2718390;1,5939200;1,4678000;0,5425840;1,8421000;0,1766560;1,5709800;4,3630300;1,3790300;0,9443450;-1,0203900;0,8314900;-2,1343701;-3,7342999;3,7994800;0,7066140;-1,5901700;-0,2101520;2,0842299;2,5116301;0,5112080;1,8040000;2,0252199;2,3871300;3,3057401;5,7879300;4,4727402;0,8660980;-0,9177130;3,3183200;-3,2641699;2,0656500;-2,2831900;2,2707400;-0,3756000;-2,9055400;-8,2691002;0,3610770;-1,0972600;-1,7931300;-0,3315270;1,0622700;2,3681400;1,3743100;1,1916400;0,4311790;3,1164100;2,9586599;1,2283000;2,0910101;5,9314699;0,4471630;2,6370599;1,8969100;5,6773200;3,0673201;3,7664001;3,0363801;1,0339500;2,5743101;2,1545100;1,6864100;-0,0644256;-10,2580004;0,2826040;-1,4932200;2,0172801;0,3454670;1,7826800;1,9197000;2,8078899;-11,7026997;1,6492100;1,6165800;-2,0304401;0,4192230;-6,4548898;2,3808200;2,8494699;3,1678300;3,7196200;1,0395499;2,4061401;0,3754780;1,1366400;-1,9318600;-0,6681480;1,7608500;2,1659300;4,0262499;3,0683000;2,9386799;2,4156001;2,4111199;0,7152750;2,5550399;-1,1235900;4,7985902;3,6477001;2,5887201;6,2364202;4,2618299;1,2672400;6,0615101;2,0494699;1,2445500;2,3099401;-3,2651200;2,3927200;2,5105200;2,9908500;-0,0173788;1,7406000;1,3008699;-0,4471270;0,0750618;1,9504400;-1,9889400;0,6812960;2,6446700;2,3871000;-0,0274697;0,4941280;2,3467100;1,1493500;0,5552200;1,7561300;1,3084900;-7,6826000;0,7728750;-1,4433300;3,0904200;0,5286480;-8,8700895;3,1801600;0,4639390;0,8528720;3,3095901;0,6047020;3,7613101;2,4002299;2,2970099;-2,1678700;1,0456500;0,7267640;0,7008390
364225;6354188;434733,700000000011642;5704752,599999999627471;241,1000061;0,0000000;1,9684900;0,2836640;-0,3407100;1,6179900;1,3000799;3,1143401;-0,1876970;3,9871299;3,3541300;1,9831300;2,9661200;2,5107701;2,7693601;3,3907199;3,9477799;0,7059110;0,2698860;1,8843499;2,6278501;0,6086060;-0,7793800;-0,7609940;3,4112899;1,9162300;1,2651100;0,4814260;2,6054201;4,9607601;2,3885300;2,2120199;5,3681998;5,3643498;1,5268800;1,5175200;2,9690101;4,0043602;3,3500800;1,0081600;3,5323801;1,8796901;3,8165901;3,7927699;3,8634901;2,4005001;1,9891300;3,0506401;2,3932700;2,2943499;2,1236200;3,0750000;4,3460598;1,8965600;2,1761601;1,6649600;0,6952680;2,3518901;0,8804610;2,9974201;4,6008501;0,7305720;1,6433901;1,9992000;0,8577630;0,6801780;-0,8762920;1,7125300;0,7486410;1,7269200;2,5918000;0,4378150;0,5723400;2,0457499;3,3806200;2,7564700;1,1648999;1,5548700;-1,4386300;1,0122900;1,6974000;2,0078700;2,6167200;1,1029600;1,0893800;2,1959801;3,2215500;2,6532600;6,3232098;4,6870499;0,6977300;2,4444101;4,5195899;0,8126290;3,7002699;3,1969099;5,3746099;1,3473600;4,8709998;0,8180930;4,6237602;5,3270402;3,0645101;6,6903400;5,1123700;3,0032301;2,2525799;2,6680801;4,0938702;2,8066199;4,2062502;2,8411901;3,7179000;2,9760399;2,1107800;4,7713099;3,8059900;2,7114799;2,4542100;3,9772999;2,9059701;2,4581699;4,3902502;5,3219500;1,0241500;5,2516198;1,6966200;2,4465899;0,9790880;7,2225099;5,3143702;1,8485301;0,5904850;-0,4004120;3,4274199;4,5305200;3,6108699;-0,0232036;1,5610400;2,6069200;0,7657660;1,8690600;2,4861901;3,6662099;1,7951800;3,3400400;3,3629301;2,8541000;3,1771901;2,7657101;3,4280500;3,0644000;4,6321502;3,9066300;2,8547900;2,0171001;-0,0324664;1,9807200;3,6626401;2,0504601;3,3371699;4,8167701;3,8765199;3,3043900;4,0697398;2,5651901;2,4795599;1,2387600;3,9688900;2,7017801;2,4352200;2,8844800;2,2016499;4,0980802;2,5665600;3,0585499;3,3123400;1,5621300;1,6942900;5,9499002;2,4394400;1,1120200;4,7596502;1,0280401;3,8875000;0,6892990;2,8713701;2,1132200;1,2094899;4,9550700;1,0511400;1,1061300;1,8839200;2,8660400;2,7375000;2,4167399;4,1757498;4,6426501;3,3628099;-0,6489070;2,3068399;5,6306601;0,7990410;5,1479101;2,9112401;3,9901099;4,0713902;4,4074798;4,1753502;4,6232700;4,4698501;5,7233601;3,7273600;4,0616598;3,4456899;4,4762101;4,8845000;4,4027100;4,3252702;4,7580199;3,1533599;4,2901101;4,1425300;4,2104602;4,4161401;4,5319700;3,2794600;5,9340100;3,8354299;4,2818298;5,2652998;0,7301070;3,8697200;1,2954201;3,0968001;2,9139900;3,0227001;4,1928101;4,1809602;2,8335700;2,6823699;5,3316202;3,8102701;2,3982999;4,5706601;1,9984500;0,8026850;8,7468796;6,6889901;0,4284480;2,3291800;5,0878501;4,8266602;3,9278901;4,5646100;3,1755700;5,2026501;5,6167698;3,6519201;4,7837901;3,3993499;4,9184899;3,5074501;5,4302802;5,6113801;6,4370198;5,4376702;5,4354701;5,8251901;4,2762899;5,1665301;6,5344400;4,6934099;7,8440700;4,1502900;4,8461199;5,3492098;6,2392702;6,1409602;5,2857199;5,2422299;5,9071498;6,4108200
364226;6354189;434741,099999999976717;5704755,400000000372529;230,1999969;0,0000000;-1,4163600;-2,3444200;-2,1907301;-0,7242880;-4,4046202;-3,5504601;-6,2486401;-6,1250401;-8,0622902;-4,3620100;-7,6192098;-1,0771199;-1,4509100;-2,4498501;0,8252950;-1,7251900;-0,6999010;1,4458300;0,7900200;-0,0179820;-0,4810940;0,5758360;-2,0111301;0,3431130;-1,5706600;-1,1272500;-3,2513399;-4,2359700;-3,7432699;-3,4019699;-3,4075301;-3,3361199;-3,5056100;-3,9887099;-1,8337200;-2,2298701;0,0302205;-1,6128401;1,2269500;-0,5762480;0,1370910;0,5091910;1,7470599;-0,0463824;0,1625310;-1,0787801;-0,5339590;0,1777130;0,1346290;0,9654430;0,6073510;1,2818000;0,2450200;2,6568601;7,1217098;0,0547278;1,9591600;1,1190000;1,0806600;0,0777693;0,7139570;0,7458600;0,7749230;-0,4458250;0,3564470;-0,9186990;-3,3850501;-1,2605500;-1,1452500;-1,7198000;-2,4263599;-1,9536500;-3,4677999;-2,1825500;-2,0723300;-3,4034400;-5,2195201;-5,7761798;-4,9125700;-3,2633100;-3,7291000;-4,9166498;-4,0787902;-3,4707601;-4,5788898;-4,2318902;-1,0828600;-4,3800602;-4,4213500;-3,6365199;-3,2090399;-3,1274800;-0,7006730;-3,4252501;-0,6403700;-2,3476701;-0,6112430;-1,7957300;-0,2206280;-0,3483050;-1,0418000;0,0576109;1,6338600;-0,1640880;-0,6457910;0,9718510;-0,7423800;1,5350000;1,0340700;0,8841610;0,5832150;1,1619600;1,7354400;1,3572299;1,3732500;1,3552500;3,6913600;1,1469800;1,3273900;1,1173300;1,1387100;-0,3477130;0,6807420;0,6080150;-0,5714680;1,4788100;1,2582400;0,2997780;-1,0477500;-1,7314500;-0,3187550;-5,0753102;-3,6961801;-3,4659700;-3,6633601;-4,2568798;-3,4658699;-4,3920398;-1,8427500;-5,1734300;-4,8092098;-12,6166000;-12,2158003;-13,7693005;-13,5892000;-13,4730997;-12,7933998;-15,2406998;-13,1503000;-14,7521000;-13,1521997;-13,4912004;-1,5477400;-14,2276001;-1,4856800;-3,5675700;-2,3241200;-2,5314300;-1,8628300;0,1801270;-0,6116240;-0,2016420;0,9828540;0,4413250;0,0097609;-1,0597000;0,4780200;-0,2925740;-0,9704680;0,9050120;0,0137556;0,0185677;2,6912200;0,4625590;0,3041300;0,3791020;2,1059699;0,0350395;-0,9127970;0,1485300;1,0581200;1,6911401;-0,1246330;-1,1560200;0,2983620;0,3956020;-0,1220090;-0,3525050;-0,4681910;-0,0871146;-2,3681200;-1,4242100;-0,6520990;-4,0696802;-1,3480800;-1,8642700;-3,5372200;-2,2064500;-4,7061501;-2,3512900;-4,8196902;-2,1436501;-3,6127200;-2,8962801;-4,1105800;-4,3568702;-3,9176400;-2,2558999;-1,8699300;-1,8136300;-2,6605301;-3,6224401;-0,8168890;-0,0279117;0,9483510;0,2803010;2,0569401;2,2391300;0,9254490;1,5976700;1,0787899;2,9744599;3,3055401;3,0096800;3,6404300;4,4039502;4,6264400;1,3527700;1,3190500;1,1330301;2,5603001;2,0664799;3,5116799;2,0487499;2,6487000;2,9441700;3,9577401;2,2416999;3,3696699;0,7042790;-0,6514480;0,6284460;-1,5602200;-1,3696899;-2,9527500;-1,7217400;-1,1183000;-1,7111200;-2,1953800;-3,7688100;-3,1569099;-2,2911699;-1,0083700;-3,0720201;-3,3969901;-4,0756102;-3,9972899;-3,1871400;-3,4957099;-4,0617399;-4,2315502;-2,9982901;-1,3905300;-1,9881600;-3,6773200;-2,7244699;-1,5884800;-0,7427220;-2,5411799;1,0967400;0,9224500;-1,6453000;-1,5398901;-2,1218700;-0,4240510;0,3433820;3,3326099;1,9919000;1,0341600;0,1428300;2,3297801
364465;6354480;434733,700000000011642;5704770,900000000372529;231,8999939;0,0000000;-2,3957601;-12,9474001;-12,5290003;-10,8731003;-14,3191996;-11,7657003;-4,3779402;-5,1730299;-9,1645002;-4,1802001;-8,1025000;-5,1741600;-2,3270099;-4,2262502;-8,3289804;-3,2863300;-9,6087303;-11,4849997;-9,7952604;-7,0550199;-8,5801897;-4,8865499;-7,8633599;-12,8977003;-7,9436402;-9,3639202;-5,1465998;-5,5352101;-6,4097600;-9,5243702;-4,8336902;-7,8324399;-5,1733699;-9,4720201;-2,7677600;-6,6209698;-4,1340799;-6,7614799;-9,3777199;-7,6635098;-4,6213799;-13,7031002;-0,9031520;-9,9084997;-2,2885201;-4,4865799;-13,5003996;-6,7515502;-8,9970999;-9,2151804;-3,5901201;-8,1284704;-6,3887601;-2,6439500;5,7637200;-8,5634403;-6,2544999;-15,9573002;-7,2461100;-5,0007200;-5,4531398;-12,2033997;-7,8884602;-14,9521999;-2,9599299;-14,2378998;-10,2550001;-17,4724998;-6,0913601;-13,1099997;-6,5309000;-8,0354996;-11,2505999;-7,4259801;-9,0391903;-15,2553997;-13,7152996;-16,5925999;-13,5244999;-6,2927499;-4,9501700;-12,6626997;-3,2046299;-12,3706999;-16,0450001;-3,4641700;-0,0692310;-9,6994400;-14,2447004;-6,7937398;-3,3026299;-10,7613001;-15,7847996;-14,2309999;-3,5079300;-7,2028098;-10,7740002;-9,0361700;-3,3946600;-11,6484003;-7,1510501;-3,3174801;-2,6780601;-15,7493000;-12,8122997;-2,6842899;-5,7368598;4,7030401;-13,4081001;-1,7097900;-4,5299401;-7,8449798;-12,7347002;-7,7267199;-6,5725198;-0,6338940;-3,8111000;-5,3609300;-10,7990999;-2,7611599;-4,9002299;-7,6993499;-3,8828599;-5,6176901;-9,8084898;-20,9034004;-6,3209000;-1,0845100;-4,4834599;-3,1690600;-15,9605999;-12,2312002;-14,6316004;-6,3706398;-9,3679104;-11,9013004;-8,6876297;-8,9411802;-9,2011404;-5,7689500;6,8151598;-7,3745999;-12,4733000;-21,3180008;-9,3956804;-6,9738402;-15,3409004;-14,6643000;-2,2165699;-8,7053404;-13,6736002;-2,1151500;-12,6382999;-10,8371000;-2,4403801;-7,4868102;-14,4794998;-4,2731299;-3,0583701;-8,4986696;-9,3092899;-6,4019399;-4,2066398;-8,9867496;-2,6473701;-15,1164999;-3,8845699;-8,8945904;-4,5095401;-4,3285398;-9,1173096;-10,8471003;-9,9159403;-8,7571402;-11,1759005;-7,0104599;-0,7198120;-8,3863802;-9,1512804;-9,6117496;-6,0350199;-3,7103500;-10,2834997;-9,4510698;-0,5662670;-5,1001601;-2,7033999;-8,7372398;-11,7494001;-3,7686200;-6,3041401;-7,5168600;-8,3781004;-11,3907003;-1,4010700;-1,9723400;-10,8318005;-4,6646800;-10,1974001;-7,3087201;-1,9083700;-2,2652700;-3,2762899;-5,8700500;-9,4237204;-9,6107798;-9,1804895;-5,3676000;-8,5975800;-0,4443910;-8,5079203;-6,2941899;-2,0539999;-5,1485600;-4,1389799;-2,5746901;-6,0568600;-2,8211401;-5,9877300;-5,0075402;-6,6163702;-5,4126301;-1,6162699;0,1051040;-8,0713100;2,8717699;-4,0915899;-8,7034798;-6,1421299;-5,7076101;-1,8462100;-7,1272802;-0,7015680;-7,0960398;-0,8566030;-8,6772203;-0,1761050;-7,2613902;4,3485198;-10,3290997;-3,9596300;-1,4005800;-10,8000002;-1,9485199;-6,6489401;-1,7685000;-3,8189499;-7,0497799;-5,3325701;-9,2441101;-4,4190402;-3,2265699;-3,4277699;-1,9846900;-7,7369699;-10,0532999;-6,0769801;-5,5159101;-8,8865004;-5,9135299;-8,2571497;-7,4429898;-0,5691870;-6,2879100;-3,2674899;-6,3724899;-8,5436001;-6,8915601;-4,2057900;-0,9566680;-1,9213901;-5,0609999;-7,2308402;-7,2498102;-5,7586002;-4,2994900;-5,2864099;-2,2707601;-4,2478900;-6,9087501;-8,6917400
364466;6354481;434745,900000000023283;5704774,400000000372529;231,6000061;0,0000000;-1,8569900;-2,4852300;-0,5651450;-1,4044900;-2,8415799;-0,9513990;-2,0018401;-4,8765702;-4,0230899;-3,4783199;-2,6523600;-2,0908301;0,5405420;-1,2695000;0,7584310;0,8234700;-0,3012490;2,6640999;0,0074196;2,3257501;-0,3190040;-2,1541400;-1,3448900;-0,2640510;-1,4720500;-0,9766670;-1,6879900;-3,0399499;-0,2111550;-0,6298690;-2,1543100;1,4262700;-1,4320199;-1,3513600;-1,0889699;0,3916940;0,9780700;-2,7245901;0,7684180;-0,3787460;-1,1468199;0,2387410;2,8514600;0,9768580;1,6981900;3,9730101;-1,0233999;3,4006801;3,4656601;-0,0846128;0,9278130;1,8973600;2,6961601;-3,2777100;-3,5442901;1,7683700;2,2106400;3,7591801;0,8939120;0,5295940;2,0588300;0,1779260;1,7059400;-0,5490610;1,0615300;0,4219430;-7,0726099;3,1742001;0,1224850;2,0163701;2,9147100;-0,3624260;-0,8472550;-3,5860200;0,4969570;1,2368200;1,6276200;0,8664240;5,6204200;-14,3154001;2,4201801;-1,5790000;2,7447500;0,4117870;3,3934000;1,3671401;2,4627900;0,4394510;-0,6767560;-1,1034100;-1,5535100;1,8455200;-2,6740100;-8,3732700;2,8314600;5,3871899;0,6118660;-2,0305400;-0,8715270;-2,7510099;-4,4372101;-6,2716298;-5,4138799;-10,5944004;9,5087299;-7,1037698;-10,4265003;-8,7449198;-7,1951499;-5,1518898;-5,1209302;-8,1735296;-4,1149702;-10,0985003;-4,7094402;-5,7626400;-6,1904402;-8,1857405;-6,5955601;-2,4035399;-0,9829750;-3,0098500;-11,6037998;-0,2606900;-0,3750980;-1,7501800;-0,3584970;1,8358500;-0,9968770;0,7473130;-1,6936400;0,2828710;0,0824754;-3,9378200;0,1878740;2,6804299;3,6967399;3,9143901;1,9852400;-7,0630102;-11,2862997;0,5606980;-1,5409000;-4,6887698;-0,3457720;0,3727950;-0,0725696;-0,1482030;-0,0989277;1,0507600;-1,0231700;-1,4886301;3,6063399;0,1827280;-0,3320750;0,0984881;0,1616220;1,0707200;1,0269901;0,5994710;1,7424700;3,4646699;1,5256200;2,1806400;1,3262399;0,9204130;1,6721801;3,0439999;0,6206790;2,0481400;1,8381600;1,4024800;3,8850200;5,8313999;2,9267099;0,6220950;2,7443099;1,9906000;1,0605000;0,5195980;0,1541080;1,5278800;1,4680800;2,1661601;0,2081360;1,3710300;0,2923680;1,6159400;-0,0540848;0,3698270;1,9176500;1,5307600;-1,2742800;0,5892610;1,2865100;-0,2493160;2,8703201;0,6644650;-1,5318400;0,5193950;-1,6320900;0,7075500;1,0097800;-0,5532180;0,7079110;-2,7031901;-1,8078700;-0,4566490;1,9473300;0,9426380;2,4053600;1,1357501;2,6161301;3,4661000;4,1516099;2,1060700;2,8910501;3,5770900;2,4885099;5,0010300;2,4982400;2,1839499;4,1773701;3,7957101;2,2739799;3,8459899;2,2031100;2,7509201;0,7594190;5,1873202;2,6803100;0,8890180;2,7342100;3,5882599;2,2596500;3,0518301;1,6749700;1,3624901;2,0897000;1,1740201;1,6515599;0,8159930;0,3243870;-3,0999601;-0,4781160;-0,6190230;3,9667499;1,5210700;3,1620400;-1,2911400;-1,6131901;-0,6290080;2,1581299;0,8223630;-0,1360390;0,4106370;1,8896500;0,1571470;-0,4557700;1,7577300;0,9517250;1,7868700;2,9671800;0,8568260;1,8625600;-1,3131700;1,5739000;1,6609000;1,8648900;5,1539502;3,5758400;3,7944901;4,3555598;3,7451501;3,9554400;2,2316699;3,6342900;4,2928100;3,9984100;2,7964499;3,9552500
364467;6354482;434751,500000000000000;5704770,200000000186265;229,5000000;0,0000000;1,6232899;10,5819998;8,0174904;-5,4936199;4,3632598;3,7588301;2,1611700;-1,4095300;7,0042100;-1,9697599;2,9956501;8,5389099;3,4023399;20,4272003;13,5186996;2,2113600;11,6105003;9,3452101;6,3939199;3,2030301;14,0587997;21,1809998;3,6288600;4,6736898;12,1863003;10,3275995;7,4213901;14,2089005;0,6973310;2,8886700;12,1831999;11,3036003;14,0255003;7,5446401;-3,0327401;11,6492996;1,3220000;10,2931004;7,7427702;10,0612001;17,5496998;2,7649200;0,4933300;2,9169099;0,4835380;16,7737999;1,9614500;12,9560003;11,7124996;5,8196702;17,6851997;11,8128996;12,4898996;1,5014300;10,7244997;11,5507002;6,9036798;5,5754199;7,6550398;11,8520002;18,3469009;6,1216002;12,6030998;3,8806400;17,1515007;5,9525900;8,9678602;7,4990301;11,4568996;8,4201698;12,1230001;9,9682198;9,0792303;13,3747997;7,9959998;4,9540901;5,2357898;3,7695899;7,2292800;8,4580002;9,7384100;6,5997200;11,6273003;6,0514498;6,5161600;7,5502501;11,9884005;7,7695699;5,3175001;10,9923000;13,8972998;8,2713604;6,0969200;5,7918000;11,4097004;7,1200299;10,0761995;10,6281996;10,9546003;8,6407700;12,1681004;9,2079201;15,8002996;5,2994900;12,8741999;15,7405996;13,7284002;12,9554005;7,8152699;15,3543997;12,3021002;10,9789000;9,4311800;11,8142004;13,2103004;3,2601900;8,5623302;-1,8384300;10,5295000;17,6606007;14,9757996;11,2889004;15,8620996;12,8806000;12,3682003;8,3363104;12,1342001;-1,2502700;16,2707005;4,4046502;6,1795602;7,9097600;7,2569699;12,2727003;7,4217200;9,6005096;10,8720999;14,1169004;7,9168000;10,5757999;4,3071198;7,2123199;7,0522699;3,1182101;2,7138901;6,8436499;4,4031401;4,4078002;6,2444301;7,7823200;5,5934501;6,8420100;4,5309000;7,4300499;4,1025901;7,8510799;4,4804101;9,4561396;9,8317900;6,6270299;5,7147899;10,5300999;9,6674299;7,0239301;2,2490201;3,3536799;16,2457008;9,7765799;14,0724001;7,2087102;9,4313202;11,5129004;12,0279999;6,6559701;5,1736898;8,7442198;4,2911401;10,6969995;8,5349703;8,3423500;12,3074999;7,7621999;6,7635398;9,4303598;0,5381890;13,0516005;-2,6759200;7,0178900;5,8674798;3,1125000;9,8491001;7,7178602;8,2453899;6,2763300;4,4308200;5,6155901;6,6580400;8,6036501;6,7428398;6,5717402;2,9362900;6,1776600;9,4840603;9,7706804;8,8433704;6,1474099;9,9271002;9,8327703;7,3931999;4,8694601;10,3090000;10,4111996;6,1373901;4,9199600;5,9701300;12,5000000;10,1106997;4,6378698;11,9394999;5,0616999;11,9324999;7,2383099;4,2770100;5,1859698;10,9749002;5,5510402;6,4487100;11,5795002;12,5288000;8,1528301;5,1040101;14,5411997;6,9999299;13,2473001;5,5606599;13,2982998;6,3560200;11,5270996;6,8076401;9,0539598;9,6604204;4,9139900;9,4757004;4,9383001;6,6022501;4,7382598;8,4307003;10,8632002;8,3087101;6,9738798;8,6198702;11,9727001;11,4926004;5,5347099;11,4530001;7,0502901;10,4122000;10,6576996;6,8588901;6,2761502;7,8704500;9,5689402;5,0921402;11,0832005;9,2548304;10,6513004;9,1359701;8,7032804;14,2757998;11,5274000;11,3855000;10,2377996;11,0260000;11,6321001;12,6604996;12,8554001;8,8802500;17,7992001;12,3739996;9,4450397;8,3450899
364733;6354815;434772,599999999976717;5704801,099999999627471;238,3999939;0,0000000;3,8060300;0,9018160;2,1420901;1,8866800;3,2073901;4,7433801;1,8950700;2,6601801;1,5897000;1,3527100;2,2335701;3,8727801;4,1262999;3,3965900;4,9656701;4,3094902;0,3281290;1,2294101;2,2858300;2,4908400;2,0634799;1,9798501;3,0168800;2,6473501;1,2560700;2,6973901;0,5304510;3,7692499;3,7003300;4,5239801;4,4082298;5,0572600;4,2800999;5,5214000;7,1250901;2,1981101;4,8287501;4,5010400;5,0828700;4,5176201;3,5991800;5,1915798;5,2008500;5,4178600;4,6702299;3,4425099;4,0740900;2,2749000;3,6763101;3,2880001;3,3454900;2,9943199;3,6238799;1,8602600;-0,4021610;1,2263100;3,3549900;3,4099100;2,7010500;1,3787800;2,9051399;3,3546200;1,0236100;2,6572001;2,9787800;3,8858399;2,3136799;3,5760601;2,1451199;1,6281400;3,0225201;2,8631699;3,1308200;2,0933599;0,6011830;4,5674200;2,1600900;5,7061701;4,2471499;4,1622000;2,7926099;5,9348001;6,4549699;4,7458501;3,0902500;2,8952000;5,9215498;4,5788598;5,0443201;5,6962900;4,4550300;5,7268000;8,0667601;5,9523501;8,0685797;5,4372902;6,1699300;6,9973698;6,2169700;6,2905798;4,3634300;5,8754702;6,4726801;5,7333498;3,8902700;2,6987801;6,2224898;5,7900100;8,8372602;6,5699201;4,5515199;5,6889400;6,9148998;7,8913798;4,2674499;5,0147600;3,1760900;3,8105600;4,2442098;5,1040602;2,4315000;2,6143701;7,0302901;3,8885000;2,9553699;3,7337101;5,4577398;5,9362102;3,4844999;4,5491500;5,8787198;2,4500401;2,6021500;4,1914301;6,1664300;6,9120698;5,7119999;6,2586198;6,3149300;5,0446301;5,3530102;5,0615301;5,9339700;6,0700402;4,9038000;7,5736699;6,1175199;4,8196402;6,6647902;4,9191298;6,7319999;5,9856701;7,3215799;5,9845300;6,1110401;5,0471601;8,1538601;6,4946899;7,0433798;7,8487501;6,1541300;6,3622098;5,2568698;6,8140898;6,2962499;5,9370899;6,0786500;5,3946500;6,3170600;4,4698701;6,7466798;5,3587799;4,6465702;4,5279298;6,4276400;5,1824098;5,3117299;4,6465402;3,3740499;4,7152901;6,6861401;6,1465402;4,2018099;5,7604399;4,7881598;6,1487002;4,4728599;5,1936498;4,9487400;6,0906601;5,6554599;7,1606998;6,3487401;4,2165298;5,8463502;4,8451700;5,5777798;8,0073404;5,3687100;7,2786102;4,9658599;7,3951702;6,4493799;6,4100399;7,8485999;7,5435801;6,1948400;6,2297301;8,6226196;6,4174299;7,0858898;5,6213198;5,7505898;7,6322799;7,6156602;8,2137499;7,8898301;7,8743200;7,2330499;7,6698198;7,4881101;7,7509699;7,4734998;6,7487798;7,8278799;8,3436003;6,7253199;6,6587901;6,3748202;6,6199298;6,1565499;6,5920801;6,6916699;6,5047498;6,7372398;8,0174303;7,0321698;6,7990098;7,7396798;6,8163700;5,9734802;6,7886801;7,0531402;6,0349202;5,8712502;6,1875501;8,0164299;7,9356899;6,4428301;4,3919101;5,0017700;6,7929301;5,9871202;6,4065099;6,0332799;7,3910799;6,3054299;6,6348500;7,6519399;6,7567902;5,1975999;8,0473299;7,9860201;7,4755502;7,5098600;6,2408500;7,9167900;7,3161702;7,6883101;8,7127504;9,0605097;7,8348298;7,4011402;7,8786898;8,0318003;7,0490899;7,0775800;8,3939400;7,7223802;8,4363804;9,6625099
364828;6354934;434740,799999999988358;5704807,099999999627471;225,1000061;0,0000000;-0,4942180;0,0160723;0,9271910;-2,1738100;-2,5829799;0,8832830;3,2299700;0,8024400;2,4577401;0,7596400;0,8577920;3,7702501;1,5904900;0,9409730;3,9379499;1,9972600;3,6251500;1,9966201;0,1989330;0,9365740;0,6184740;-2,0148699;-0,2146170;0,0601335;1,2133300;3,6229401;0,7877010;-0,9779680;-2,0323100;1,5466501;0,5008290;5,7147899;1,1529900;3,2499800;3,5070400;3,7119901;2,5979099;4,7049899;4,3103700;4,4329500;3,6076701;2,5692401;2,7810900;3,1963601;3,3996899;3,4257801;0,2958880;1,9263999;4,1117702;4,0712800;-0,1291540;1,3882500;2,8846200;-3,1430399;-4,6098700;0,3447540;0,7045620;0,4842520;2,1604500;2,4655399;1,8917500;1,1490600;1,7679000;-0,2511760;-0,9288040;0,4705140;-1,6609100;1,6377701;2,0180199;-1,4776599;2,5660200;3,0383799;2,6947401;1,7036700;3,7704999;0,9095830;1,4693300;0,2810030;-1,3080300;0,8413110;2,5960901;3,2611101;0,5157230;1,2453901;1,3619000;0,3424130;-0,8269410;3,3383999;0,0945892;3,8939800;2,9076400;3,8970301;3,2291300;5,6285400;3,9324901;3,3238101;5,4971800;6,1450100;2,9293301;3,4501400;5,1838999;1,2852000;3,9231999;2,9745100;2,9097900;3,2218499;2,3784201;3,3026600;2,4069200;1,3083200;0,5992810;0,0629015;2,4043500;2,1340401;2,3561599;2,0488901;0,1624620;1,3832700;0,4174530;-0,1709480;0,9123530;1,9452000;1,4315900;1,1770700;1,4068000;-0,1370100;0,4045990;-1,3413600;0,4680660;1,3891900;0,0829091;0,4609940;0,6365570;2,2668800;0,8949330;2,5500400;2,2756500;3,1559999;3,2638800;1,2998900;2,6725299;3,5453100;1,0838900;0,1103110;0,6504110;4,9695601;2,6826799;3,6894100;3,4580100;3,6544600;4,6798902;3,6808500;5,4955802;3,1534400;1,3920900;5,5606098;2,5543301;6,7302098;4,7154198;4,1837502;4,0121698;6,5945001;3,7794299;3,8931601;4,5037799;2,6816001;5,4407902;4,9349799;4,4352498;3,2683101;5,8583598;3,8063700;1,8017000;1,3926500;0,0202236;1,4898000;1,8921300;2,0331500;2,1194699;3,0683701;2,3014300;2,6471400;3,1205399;2,5408700;1,2032700;3,2916999;-0,3009700;2,6003599;0,9252870;3,0922301;3,4073801;2,9174900;-0,0502806;1,2579800;1,0590200;2,8691001;3,1625700;3,0693700;1,9901400;2,8565400;4,1322799;1,3503900;4,7328801;4,0512800;6,8510098;4,2027898;3,9183500;5,7783699;4,9605799;3,6634200;6,1630702;6,2096200;3,9660499;3,5872200;3,6407800;4,1084700;5,2841401;4,4615402;6,7547102;5,1667900;6,1681099;6,1411300;4,7278399;3,3193500;3,6680300;5,2187300;5,1750498;4,6531100;4,8669801;3,7347901;1,6230299;5,2115202;2,2198000;2,5961599;3,0009501;3,6191299;2,5689099;4,1021299;3,6179900;1,6124500;1,7703900;2,2958901;2,3958001;3,1154101;4,1005802;1,7206800;2,2233400;5,7565098;4,2213001;5,4826698;3,8239999;4,6088800;6,7680702;4,0403600;2,3014300;3,0389199;4,9495602;6,8404999;3,6173401;3,3294599;4,8405700;3,7738199;4,1053200;6,8118200;6,3932500;6,3400798;5,7168999;5,3844199;7,1252398;6,2549400;6,0997801;7,5488000;6,6895700;7,7022300;5,7499299;6,3203001;4,7351799;4,8088598;5,9741201;3,9816599;5,9249601
364829;6354935;434775,599999999976717;5704807,000000000000000;235,6999969;0,0000000;-3,0130200;-3,0389700;-2,7463200;-1,4186000;-1,9018700;2,1417301;-4,3371201;-3,2617900;0,7855360;4,2243099;8,1631002;2,0673299;-2,4626801;4,7579899;6,3619800;2,8225000;0,1165400;-6,9137802;0,9526490;2,5278699;-1,9006200;-3,7409699;2,5695400;-4,7262301;-2,9170301;-4,1955199;-2,6204000;-5,1460400;4,6032600;2,2320001;4,4458299;1,4666899;-0,6680900;-0,9695020;-2,2457500;5,7766399;0,8557130;0,1593960;5,6092000;5,6639500;3,3043399;3,6826501;1,4664700;7,7526302;-0,2829380;-1,7589800;0,4466910;1,5487100;-2,6151299;-1,8699300;-0,1428390;-2,0082400;3,5802901;1,0441000;-0,9443340;0,1359250;2,3240499;0,4361270;-0,9601860;-2,4180901;1,7125900;2,9586699;-1,5573100;0,1484720;-1,9231400;-2,0947700;-6,8080502;-1,7427300;-6,1894798;0,0066192;-1,0400400;5,8601899;-2,0283899;-0,7408910;-4,2684898;-1,0882699;-5,2673302;0,6401850;-1,3378299;-4,0567298;9,1587296;3,2309999;3,3291199;-3,1268301;1,2841700;2,0211000;1,7256200;1,4524000;1,3482600;1,7199100;2,9876399;4,2638502;4,4727302;4,9931002;1,6348500;3,0509601;1,5533900;5,2665401;2,5532601;2,3939900;3,5557499;2,3345900;2,4716699;1,3487300;1,6347800;0,3989390;3,1954100;1,9420800;1,8474100;2,7318201;0,2361900;0,9234950;-0,5553310;-0,5030510;3,2206600;0,9421890;1,4763000;-1,5484300;-0,0351167;-0,4116860;2,3685601;0,1163010;2,6469200;0,0555396;0,4578900;1,9648700;2,4769499;2,1511199;-0,5668060;3,1572399;-1,9964900;-0,5713510;-1,4450901;2,9711299;2,2403901;0,6197600;-2,6717501;-0,8535670;-3,6642201;1,4200300;2,7762301;3,1416900;3,4857199;4,2735200;0,0388005;4,0343299;3,0796900;3,3605001;5,0866299;11,2728004;2,8320799;5,5279999;3,3372500;4,2600799;4,0740399;3,5839801;2,7126901;2,3285000;3,8801799;5,7804699;1,3413399;5,9317899;7,8222098;4,8892598;2,9022000;3,2758300;4,8193498;1,8291301;3,7854600;0,3708210;3,5625999;1,0862700;2,5890400;2,7813499;3,0282800;1,2531000;-0,7069480;1,3279500;2,0318100;1,8398700;3,4932599;2,4977500;1,4115400;2,1322300;2,3931601;2,9721100;-0,5778330;6,3887000;3,2732501;4,6739302;5,7093201;4,5195699;5,6972599;0,6471710;1,9025100;1,8116000;4,3112102;2,0568800;3,8870001;4,9178400;-1,0531300;4,4123602;1,3886400;1,1420000;7,0065899;4,2059202;3,6797400;3,4727900;8,9927902;4,4374299;6,3786802;5,6428299;6,6461601;3,5679300;4,9391098;5,6002898;2,3625400;7,1113300;4,5022802;5,4127698;4,5026002;4,4944901;4,0675702;2,8011501;6,2509098;2,4652901;2,8579199;1,8186200;2,4454501;3,5666299;0,3996110;3,3003099;4,1395998;4,8278799;3,0153699;4,1033702;5,7919002;4,3086200;3,8158100;2,5313399;1,1175801;1,5929400;4,6035399;6,2921200;3,4918599;6,2303600;5,6964798;2,6197200;3,9158700;1,8821100;3,6784599;5,4261699;8,2074099;6,2522898;4,7428198;6,0270500;3,9964800;7,2466402;2,2258601;4,1176200;3,2472799;3,8314900;2,7778800;6,3223901;6,0271101;5,9104600;6,3106899;4,6524501;5,2416902;6,9195600;8,8143101;8,5091000;5,0532899;8,0497303;2,7971201;4,8875098;6,7716098;3,6918600;5,0865402;4,0060301;5,5576601
365077;6355232;434791,099999999976717;5704832,099999999627471;242,8999939;0,0000000;0,3920900;6,2730999;5,4407401;4,3287201;1,8355800;3,7143300;2,5166099;0,8540080;-11,1976995;4,5136700;0,1469880;5,7854199;5,1266098;4,9612098;5,1767502;3,5118201;2,4659500;6,4396901;5,8374500;11,0156002;2,7577500;6,0900698;3,9185901;5,5817399;2,4524100;4,8342700;2,8737099;1,8740799;1,9562500;2,4111300;1,2497300;2,0625701;2,2002800;5,7124600;5,1114302;3,1033599;2,9128301;4,7323899;2,5018699;4,8602400;6,2993999;8,7692804;3,6438401;5,8248100;13,6201000;4,9356399;-4,5102501;7,8520198;3,8109601;2,3893001;10,7240000;2,2862799;-1,5454000;4,2100401;4,2941499;9,1279001;6,2367201;6,5557399;9,0231895;-1,1517900;6,4354401;3,8795300;5,0320802;0,2884280;7,7166500;3,9954700;1,4061000;-3,3690300;-0,4281180;0,1397360;7,5429401;-2,3077600;1,9283000;7,2256298;5,1228099;3,5838301;3,6028500;3,5203800;5,4936399;2,9172001;6,2288499;5,4706702;8,5376596;3,1712401;3,5494800;2,4917500;3,3525600;-0,9093980;1,8386199;-0,3163330;-7,7788501;0,7985050;6,9484701;3,4665999;5,8717999;5,5620999;2,8216200;4,4767199;5,3889599;4,3844800;10,2018003;6,1897702;8,6745796;6,7115402;4,8341498;1,1627500;5,5723200;5,0227699;4,1096201;3,9255099;4,1157298;3,0942600;5,1782298;5,1145802;7,7784200;3,5328801;2,0663300;5,1093502;4,3929501;-0,3789730;2,5073400;2,7776899;5,1170802;3,8466799;4,6125102;4,5956101;5,4972000;3,9477799;2,8930199;4,0715799;7,2191401;0,6766960;2,0334899;3,1725800;4,1525998;4,0901799;7,3133001;6,9796700;12,8162003;-1,8254300;5,8956900;2,5078399;3,4085400;4,1863298;2,6507001;5,7353301;5,8015599;0,3179380;2,4285600;4,7189398;3,5914099;1,3011100;1,3740700;2,8410001;4,9083600;3,9590001;8,2988997;3,0896001;4,7900100;6,7563400;6,6739998;11,3031998;5,5972099;9,7154903;5,8950200;9,6146603;8,8874598;8,1746302;11,2729998;7,5685902;9,8726702;15,4892998;7,9060001;4,3178701;4,1146598;6,7458401;6,4824200;8,1200504;7,3098602;6,5825500;3,1750100;5,5316501;8,2999697;5,5725002;6,9742398;10,7381001;6,5169902;2,2310901;1,1493300;1,9553500;-1,3666900;3,8584900;3,4045100;6,1942501;8,9477301;2,8511500;0,7341030;4,0450802;6,8996301;-1,8680800;6,8202200;10,7909002;4,6464701;4,9108500;14,0299997;7,9321299;4,3409901;8,1805496;5,2734299;4,2548699;6,4630098;8,3133698;4,0195398;-3,7583899;6,0375600;4,1942301;7,0155001;6,2811499;7,1436400;6,0908599;9,3861103;11,0047998;6,9972601;6,1107302;8,8473501;5,4301100;5,9990401;7,1508698;4,2294798;15,7254000;6,8665400;6,4168401;-5,0378900;7,8230700;17,5440998;1,1409400;1,2948300;5,0633602;3,1234801;-1,5437400;5,2622199;6,1663098;0,2162650;8,8128700;4,0002999;4,4209599;6,4248099;5,1446500;2,3164201;1,9955200;8,6590500;2,0735500;5,2043200;5,4160399;-0,6778230;4,7616200;8,4235802;4,1430001;0,8731660;7,3199000;17,2213993;9,4542303;6,4505801;7,9696798;5,3105698;8,9365301;7,1993399;6,2284999;5,8145599;6,5610700;7,8168602;9,2994499;7,4305701;5,7399902;8,1194401;7,4481001;7,6047802;7,4751601;13,4794998;6,6495199;10,1070004
365078;6355233;434800,900000000023283;5704835,299999999813735;240,8999939;0,0000000;0,0084109;7,5679598;3,2541201;1,9866300;0,1263850;1,5033900;2,5257299;-1,3373400;-3,8928699;-0,1526950;-0,8625420;1,3218600;1,7976900;2,9877801;-3,2940900;-3,9582300;-0,7791880;-3,5232401;2,3918600;0,0599871;-3,6837599;-0,9158930;-4,7424402;-1,2597500;0,3300090;2,0810299;4,0240302;-0,8932810;2,2572801;3,3266900;1,4277200;1,5636801;6,5552101;-1,3190900;4,1283898;1,8279800;2,4475501;1,5978100;1,9483800;-1,3426300;1,0788200;3,6320100;3,3303699;1,3233900;3,7107301;0,6881690;0,5177170;-4,9987898;1,3925000;7,0675802;12,8099003;1,2346400;0,6108840;-1,0910400;-4,1058998;-5,7770801;-4,0806999;-3,4620299;-1,3920900;1,8906800;-1,8470700;-5,0028601;0,3598940;-4,1387701;0,5808490;1,4879800;2,3524499;0,9564220;0,7197240;-1,9584700;0,7588270;3,6938000;2,4782200;-5,9006100;2,8303299;2,5007401;2,6029201;2,9770899;-6,2048998;4,8897300;3,0681200;5,4354200;8,2037096;6,0106802;4,3200598;3,8240700;3,8943000;4,0006399;3,4608901;0,8833310;3,3113000;3,2693400;4,1740198;10,9597998;6,5914102;1,9409699;4,2509198;6,8400998;7,3842702;4,1825299;-8,1942596;-1,8954300;1,1262400;-6,3551402;2,1377599;7,1652002;1,7389200;-2,5308299;6,0426898;1,8840500;0,6878490;4,8036399;7,5785599;16,4193993;6,3738198;2,5222299;-0,8621790;4,2912102;4,2231498;2,7354500;4,0050402;4,1547999;1,1762900;0,4775590;1,9235500;4,8949199;5,8083701;11,9274998;-2,0698099;5,4370699;4,9239402;0,8216580;3,8843300;0,9123620;-0,8237750;2,8357100;1,1534801;6,9659200;4,7044001;4,3815999;-2,4196999;3,1274600;2,9562399;6,1902399;4,6841698;2,8689699;6,1606898;3,1348600;4,9656901;2,9644201;4,2641301;9,2853498;6,7462401;7,4990902;8,1256304;3,4255199;6,8888302;4,5162401;3,8246100;5,3937602;2,3572199;6,0464702;0,6586030;2,6481500;6,0646300;4,0936799;5,6598201;0,6746120;4,7436099;4,5259199;5,2393699;-1,1235100;0,4114010;-0,9926520;2,9409001;1,6218600;2,2821100;3,4802301;-0,6099890;3,5178101;5,9649501;6,5858698;7,6424499;1,0994700;1,5787899;0,6747500;-2,4056699;17,8588009;3,1387200;6,5490799;7,7876902;6,6807899;6,6137500;7,1741400;5,9037800;-0,5641060;4,4171000;12,4338999;1,2541400;2,3503399;4,2715602;6,4443102;4,8909798;6,9926200;3,7796500;8,9434004;3,7063000;5,2814202;9,7733603;5,4416499;7,2500701;20,5240993;4,4645200;6,1740799;8,5423298;2,9807200;10,2294998;4,4445100;7,5727601;17,5536995;11,8071003;7,1865702;8,1348000;8,3280401;12,4909000;6,2010102;6,6717901;8,6569901;7,2938700;12,0937996;9,4127197;16,0475998;6,0609398;10,6040001;1,8327600;5,0049300;8,8239002;5,1725602;10,2213001;4,1264601;8,1099300;-4,1377401;-3,5168900;5,6131802;8,1550999;7,1727901;3,2089300;6,4002900;7,9617701;8,8653002;11,8107996;5,4453502;10,9836998;10,4317999;2,8928499;4,0017800;7,3921499;4,7740898;3,9582601;10,0894003;1,2414100;8,5835600;8,6310902;9,3750496;2,0282099;2,9629800;11,5098000;9,8054304;14,1457005;11,4179001;8,5004797;7,6440001;10,4228001;3,6980801;3,1083701;3,8740599;3,0441101;3,6804900;4,9973102;9,1673803;3,4377000
365201;6355380;434817,099999999976717;5704841,400000000372529;238,6999969;0,0000000;-22,5615997;1,8163700;-3,9236400;-5,6687799;-10,8299999;-8,2948399;-7,1458702;-5,2701998;-3,5203099;-4,9522600;-7,0665202;-12,7523003;-21,2649994;-9,7906199;-2,4281199;-9,9721498;-8,6664600;-1,1733100;-7,1325102;-11,3522997;-6,5200000;-19,3484001;-2,1999700;-0,7517660;-14,2601004;-2,8113101;-12,4333000;-12,2974997;-7,4751201;1,4927000;-7,7869601;-5,5901699;-9,4593601;-4,4707098;-6,2306900;-7,8665099;-9,3693399;-6,6135802;-11,1194000;-6,2989502;-9,2044001;-5,6135302;0,7680170;-0,8856870;0,3104200;-7,9579401;-7,6666298;-3,8323100;-10,8287001;-3,3259900;-8,9581499;-11,6995001;-5,3838401;-7,5209599;-6,2796998;-17,3038006;-10,6757002;-0,1727810;-14,9745998;-2,8946099;-3,5166700;-4,5173001;-15,6127996;-7,2112298;-14,2863998;-13,7440004;-13,7608995;-13,1251001;-9,5803804;-5,8924398;-12,3732004;-12,8734999;-6,1577601;-8,0285397;-9,4211903;-12,8415003;-6,5114999;-9,5850897;-12,0918999;-7,7671800;-7,4124298;-0,4460850;-4,8041301;-5,1457901;-5,3231101;-9,9663601;-4,6717701;-6,0901299;-3,9179499;-9,6307001;-6,0687399;-2,6588700;-5,6668100;-2,5369301;-2,1747100;-1,7849900;-2,5652399;-2,5891199;-10,3058996;-2,1280501;-6,8074398;-12,5623999;-8,1354103;-4,3850098;-6,0168099;-3,6714301;-2,3722000;-2,0612700;-4,3408499;-2,9020700;-5,0469499;0,5491370;-2,0471101;-5,0752201;0,8509190;-4,4363699;-7,6024199;-5,1221499;-4,9880199;-0,3275390;-9,1233702;-2,7072401;-1,0291500;-3,7711101;-3,8074999;-1,5093200;-4,4059000;-3,3704500;-3,5422900;-3,5733800;-7,0738201;-13,0455999;-9,7146702;-7,8186202;-7,2553601;-3,7377901;-8,9790697;-9,3935900;-2,6557600;-4,0579500;-8,8920097;-4,0544200;-2,1783199;-10,4998999;-8,6817198;-10,6845999;-6,9941902;-5,3981400;-2,8733799;-9,2501097;-3,3627701;-3,9741001;-9,5298901;-2,8074999;-8,8379698;-1,2756400;-2,0262201;-1,5490100;-2,1162901;-8,8015099;-2,2530301;-3,8894701;-4,9928098;-6,0396399;-5,1614399;-7,1733298;0,2693280;-3,9320600;-1,9600101;-2,7306800;-3,4094901;-3,7462299;-4,0936599;-4,6090999;-2,8062699;-4,9971199;-2,6025000;-3,1160600;-5,7748699;-8,9545698;-1,8124200;-5,8800101;-4,2560902;3,8614299;2,0416701;2,3483500;-0,5175760;1,0000300;-4,4876499;-2,5441799;-6,7513900;-7,3961000;-7,2873602;-8,0979204;-6,3093600;-6,5285301;-3,8558700;-1,4654700;-6,6153898;-8,4683504;-1,4362299;-8,6359797;-4,8869600;-5,5197902;0,7571100;-5,3603401;-7,2945099;-3,9126999;-7,2871599;-7,7715402;-6,3519602;-1,5032901;-6,2597699;-6,0155201;-6,2614799;-1,9325500;-3,2711899;-5,8100801;0,3189670;1,3063600;-0,7160390;-0,0064182;3,5924301;-3,8467100;-7,0608001;-4,8586798;-3,3746300;-5,3357601;-6,1258101;4,5412598;-4,5998902;1,8854800;7,5699100;-3,8787200;-9,2427998;-1,4608600;-2,6698000;-0,7174280;-8,8223000;-4,1404700;-11,4743996;-4,8655300;-2,3281000;-3,7647901;-2,3684700;-6,1198001;-7,7216201;-5,5848899;-3,1715100;-8,5301399;-6,8726902;-3,0639300;-5,7238998;-9,6541100;-6,3819199;-6,2066898;-7,0627499;-7,3490400;-8,7928896;-8,6151104;-9,6462898;-2,9732599;-6,6224298;-4,0078101;7,5809798;-5,8288298;-2,5783501;-4,5521498;-8,9249001;-4,1279502;2,2104199;-3,9703901;-5,6255999;-1,7141800;-4,7082000;-5,7484899;-0,3047400;-8,0103102;0,8330290;1,0207700;-4,5834198
365321;6355517;434816,599999999976717;5704852,799999999813735;244,6999969;0,0000000;2,1740501;0,7436590;6,3987598;0,0733496;3,3168600;3,2973199;0,9410450;0,8891280;8,9696903;-2,1535001;4,2277498;-1,2573600;1,4930500;-1,3106900;19,4612999;1,2072600;-5,8926702;2,9121001;4,9052901;1,9642200;1,7533600;-0,9429540;3,0326200;-7,3724899;3,5259900;-1,7629100;0,3338090;6,9412098;4,6343298;4,3584199;3,0551500;-1,5292300;0,5347240;0,8551560;2,0564301;0,0147994;1,4042900;0,1992860;2,8061099;-0,7763950;2,5509901;0,8197680;3,4359300;4,6280999;9,7019300;4,8481002;6,9966102;4,6157799;4,4960599;1,4720500;6,2628198;3,6757801;2,6453500;5,1818099;12,8161001;9,7098303;13,4143000;11,7964001;-5,9013700;3,7170300;4,5828199;6,6939402;-5,2585301;3,6264801;1,0916200;-0,4360460;-0,2486040;2,7897699;1,4048100;6,2837901;2,3165801;0,6903820;7,6241298;11,6976995;-0,9857700;1,4892401;-2,2209401;3,8947699;3,0401299;-1,0503700;0,9323340;1,3328700;2,9547000;3,2012601;1,1393000;1,5045000;3,6860900;3,7725699;0,9076060;4,8688998;2,5939000;0,0456407;4,5458598;3,5225301;4,2815599;-3,3192101;3,7650900;4,6540399;3,0070000;6,3867202;4,2328801;4,0633202;5,1094999;-0,3519380;2,9099200;7,0430102;6,6354198;7,6493802;7,4634299;11,1702995;1,5173000;4,1736302;4,2013202;2,8041501;5,2653399;3,4154699;1,4514300;3,9344299;4,9955802;7,8738599;5,1644502;6,5874300;5,0816998;6,1292801;6,3169398;5,8763900;6,4200602;9,1780100;1,4049400;3,7154500;4,4793200;-2,6875999;4,0635099;-1,2471499;3,4263599;3,5693099;5,0751801;6,6234598;0,4262420;2,4649701;2,1989999;4,3434200;2,6718099;3,5785601;3,5920601;6,5813799;8,2954903;5,1188102;6,3678002;3,4436700;2,1790700;7,3436599;1,9310499;7,0982699;5,6824899;-9,4313297;3,3633101;2,6540999;2,6029000;4,9845400;4,8871198;7,0190201;4,3892298;4,3102498;8,5965405;2,5350201;5,8195200;4,2480302;4,2440701;1,3332601;3,3230300;7,3850799;-3,5832000;1,8809100;-0,3009580;1,1334200;6,0142002;5,2185001;-2,0569301;4,0588398;4,4563498;6,4226799;5,9855900;5,3753400;1,4428600;4,9371200;1,1011600;4,8407798;2,3518100;-4,3358402;1,0973400;2,8795800;-4,3157902;4,0054202;-1,0916100;7,6048698;5,0893602;5,7108598;3,2668600;-2,8468499;4,1433802;2,0436499;5,2820601;3,1034400;9,4444704;9,5972500;3,1135399;6,1861000;12,1717997;5,6109300;1,4195100;3,3309600;2,7242501;5,6212001;13,3796997;0,1875020;8,2364101;4,1275301;3,3990200;-3,9807200;1,9241000;4,2085700;9,8304100;3,0109899;0,4409200;-0,7300850;5,1478100;5,1727200;1,1820000;3,9450500;1,7782201;3,8654699;1,8796099;4,5015001;8,8535900;1,9482100;5,9249001;-1,8262500;4,4207301;1,7430900;6,2236099;1,3356500;2,7053101;5,5275998;4,1531601;3,8907700;4,1882100;1,9236500;0,3547900;-0,0910529;2,7637501;1,0321300;5,7862501;7,2641301;4,5232902;3,6759801;7,9282498;4,0950799;4,8383498;9,0243196;4,3359699;7,0161099;2,0963900;4,7440701;5,9143300;2,6253901;7,5701098;1,5845701;5,2522602;5,0188098;8,8647804;6,5371299;4,3586798;13,9863997;0,7786800;12,8701000;-1,9499500;2,9093201;3,7941599;5,8507600;16,4561996