OBJECTID;PS_ID;X;Y;Z;date_20150401;date_20150413;date_20150425;date_20150507;date_20150531;date_20150612;date_20150624;date_20150706;date_20150718;date_20150730;date_20150811;date_20150823;date_20150904;date_20150916;date_20151010;date_20151103;date_20151115;date_20151127;date_20151209;date_20151221;date_20160114;date_20160126;date_20160207;date_20160219;date_20160302;date_20160314;date_20160326;date_20160407;date_20160419;date_20160501;date_20160513;date_20160525;date_20160606;date_20160630;date_20160724;date_20160805;date_20160817;date_20160829;date_20160910;date_20160922;date_20160928;date_20161004;date_20161016;date_20161028;date_20161109;date_20161121;date_20161203;date_20161215;date_20161227;date_20170108;date_20170120;date_20170201;date_20170213;date_20170225;date_20170309;date_20170315;date_20170321;date_20170327;date_20170402;date_20170408;date_20170414;date_20170420;date_20170426;date_20170502;date_20170508;date_20170514;date_20170520;date_20170526;date_20170601;date_20170607;date_20170613;date_20170619;date_20170625;date_20170701;date_20170713;date_20170719;date_20170725;date_20170731;date_20170806;date_20170812;date_20170818;date_20170824;date_20170830;date_20170905;date_20170911;date_20170917;date_20170923;date_20170929;date_20171005;date_20171011;date_20171017;date_20171023;date_20171029;date_20171104;date_20171110;date_20171116;date_20171122;date_20171128;date_20171204;date_20171210;date_20171216;date_20171222;date_20171228;date_20180109;date_20180115;date_20180121;date_20180127;date_20180202;date_20180208;date_20180214;date_20180220;date_20180226;date_20180304;date_20180310;date_20180322;date_20180328;date_20180403;date_20180409;date_20180415;date_20180421;date_20180427;date_20180503;date_20180509;date_20180515;date_20180521;date_20180527;date_20180602;date_20180608;date_20180614;date_20180620;date_20180626;date_20180702;date_20180708;date_20180714;date_20180720;date_20180726;date_20180801;date_20180807;date_20180813;date_20180819;date_20180825;date_20180831;date_20180906;date_20180912;date_20180918;date_20180924;date_20180930;date_20181006;date_20181012;date_20181018;date_20181024;date_20181030;date_20181105;date_20181111;date_20181117;date_20181123;date_20181129;date_20181205;date_20181211;date_20181217;date_20181223;date_20181229;date_20190104;date_20190110;date_20190116;date_20190122;date_20190128;date_20190203;date_20190209;date_20190221;date_20190227;date_20190305;date_20190311;date_20190317;date_20190323;date_20190329;date_20190404;date_20190410;date_20190416;date_20190422;date_20190428;date_20190504;date_20190516;date_20190522;date_20190528;date_20190603;date_20190609;date_20190615;date_20190621;date_20190627;date_20190703;date_20190709;date_20190715;date_20190721;date_20190727;date_20190802;date_20190808;date_20190814;date_20190820;date_20190826;date_20190901;date_20190907;date_20190913;date_20190919;date_20190925;date_20191001;date_20191007;date_20191013;date_20191019;date_20191025;date_20191031;date_20191106;date_20191112;date_20191118;date_20191124;date_20191130;date_20191206;date_20191212;date_20191218;date_20191224;date_20191230;date_20200105;date_20200111;date_20200117;date_20200123;date_20200129;date_20200204;date_20200210;date_20200216;date_20200222;date_20200228;date_20200305;date_20200311;date_20200317;date_20200323;date_20200329;date_20200404;date_20200410;date_20200416;date_20200422;date_20200428;date_20200504;date_20200510;date_20200516;date_20200522;date_20200528;date_20200603;date_20200609;date_20200615;date_20200621;date_20200627;date_20200703;date_20200709;date_20200715;date_20200721;date_20200727;date_20200802;date_20200808;date_20200814;date_20200820;date_20200826;date_20200901;date_20200907;date_20200913;date_20200919;date_20200925;date_20201001;date_20201007;date_20201013;date_20201019;date_20201025;date_20201031;date_20201106;date_20201112;date_20201118;date_20201124;date_20201130;date_20201206;date_20201212;date_20201218;date_20201224;date_20201230
52887;57901611;428253,099999999976717;5689548,200000000186265;270,6000061;0,0000000;-1,7510300;-6,6135502;-0,3128640;-9,2957897;4,6510901;4,4127798;2,3010900;-11,3781004;-5,2373400;0,0581560;2,8108101;4,0634899;-9,0751801;-3,2147601;-4,7222800;-2,0630500;0,5706550;-3,7394199;-3,4439600;-1,6012599;-0,9313130;7,3563700;9,1579905;-1,0882000;0,0090754;-12,7889004;9,1727800;1,1603500;-1,2815599;-9,0232496;0,8717250;8,0159702;5,3554201;-1,2055300;-0,4043550;-0,7371790;0,9631440;-5,7941499;0,6567010;-0,0194390;-0,6300620;1,8311900;-1,9041800;0,8557120;0,9974540;3,3008800;-1,2561300;1,2665100;7,0687900;3,2416501;5,2926002;-0,9330790;3,8256099;-1,1764700;-0,3486340;6,5318398;6,5585198;-2,9677701;-1,1620700;-1,6317101;0,4428800;3,5562301;1,6219000;-0,5750760;1,5234200;-0,8856500;1,0751700;-1,1369801;1,4553900;3,5317299;0,8090820;-1,4603500;-4,3317299;-0,4659490;-0,6346900;-5,8768902;-0,4635420;1,0943600;2,0057299;6,8973899;1,3734000;-2,2158699;-5,9948602;4,1377401;-12,2055998;-2,6597700;-3,7858400;-4,1507301;13,2613001;-8,0416002;-2,6792500;-5,9358501;0,9659930;1,0894001;12,0613003;-12,2757998;2,4692900;0,2652420;3,7660000;-0,5964330;-1,2455100;1,1496700;-0,7163460;-0,1500020;-1,3843800;-0,4071960;0,6029980;-0,2970000;0,1302720;-0,6929790;2,4979000;-0,4266130;-7,8768401;-0,1355130;-0,0930638;1,6288400;0,0128498;-2,1478200;-3,8780701;-5,9160199;0,9033750;6,9979300;2,7231200;1,5283200;-6,1072102;0,2517060;-2,9072900;9,0674400;9,6195498;10,8997002;6,7550402;2,1044900;1,2823400;3,2783000;0,1815480;1,7735500;2,7423501;-6,2419600;4,1810398;2,9377601;2,0448501;1,1111900;1,2322201;-0,1800580;-0,7130010;2,2746799;0,7501110;1,2737499;0,1727890;2,5807300;1,6702800;2,7630100;3,9971099;1,8969400;2,3730700;2,3265500;3,3983800;1,6674900;1,3930700;-2,1159501;0,0826846;2,6553700;1,2102900;1,7608500;6,8747001;3,4086499;7,4528399;1,3836300;2,5775199;1,8733200;4,1959100;3,4694400;1,5530800;0,9775260;1,4519300;1,6227300;2,2363601;1,4034300;6,4240198;1,6266900;3,3519399;2,8622999;2,6323299;4,8674202;3,4156799;3,6977501;0,6228120;1,6376899;-0,6580290;1,4009700;2,2624800;2,0857699;-2,8483100;8,0379696;7,1040702;1,6809100;8,3884602;9,9714699;4,0520401;6,0637298;10,6742001;3,1877799;7,5179200;5,1720300;-2,6090701;8,1959105;6,8158498;-9,0287800;1,3309799;5,2860899;6,2549901;6,9509201;7,0687900;10,6806002;9,7241096;4,6444898;7,5116601;6,3408899;8,8879299;5,1775599;3,9431300;4,5218101;4,8576398;4,7494402;5,3443899;3,6289999;5,0404301;12,4582005;2,7552800;5,6521702;1,8579800;3,4313300;-0,6025610;4,4919200;4,0807099;3,6840601;3,3396699;6,4962902;-0,8078820;4,4686198;4,5475402;10,0735998;5,1515698;2,3506200;3,3297901;3,7815199;5,4887500;7,9453702;10,5721998;5,1087298;2,8321300;3,0577500;6,0756698;5,1383901;-4,0512099;11,9075003;3,8945999;3,5099499;-0,0788171;-0,5285440;-0,0520687;0,8807460;-0,0020433;1,6054900;2,3361900;0,5314030;1,0409300;2,8578601;2,6705201;1,2244999;2,3821599;1,9749900;1,8931400;4,4578199;2,3561001;0,9496570;3,4850299;4,8714499;3,4845300;10,0450001;2,3703201
53454;57902178;428402,200000000011642;5689484,400000000372529;264,3999939;0,0000000;-1,9829100;3,2107999;-2,9161799;-4,7340102;-6,5166702;-0,1208340;-5,9642701;-3,5185299;-1,7917200;-6,0604801;-0,8430040;-0,0602970;1,1673200;-0,4199590;-1,9534500;-3,7447400;-0,0557237;0,3742200;-3,1227000;-2,7797599;6,0064602;8,6003904;-1,1208500;-5,9483600;-5,4884901;-0,2954950;-4,4423099;-1,5867200;-5,1984501;-1,8326000;-1,8792599;-1,0716701;-0,7874380;-4,3056898;-3,5035801;-4,0398002;-5,1252098;-0,1260670;-2,4247501;-0,9285820;-0,4172480;-0,0612483;-1,4645200;3,0086801;0,0305092;-1,5497400;0,2078640;-0,4507630;7,4493799;1,2417200;0,1345460;-0,3684270;2,0835800;0,0436554;-0,4217700;1,8965000;-1,1087199;-0,8032880;0,8993790;1,0198300;0,1998160;0,9801520;0,7669660;0,3993370;-3,0886800;-4,8150201;-1,2683800;-1,2147700;1,0769500;-2,0037200;-0,5152970;-4,8392100;1,6434400;-4,3621802;-3,5466199;2,8769200;0,6176020;-0,0580256;0,4278650;1,4026200;1,4158300;1,2863600;0,9829500;1,1889000;1,1802400;1,3271800;3,3488200;2,7629199;3,2768400;0,7369750;-0,8233850;-2,4803100;-5,7852898;-5,5862298;-4,6128302;-3,3172100;-1,1392800;-0,3820970;2,1034000;2,2727799;-0,0474317;10,4196997;3,6365399;-1,9708600;-5,4278102;6,3234200;2,6140399;-3,8595901;-1,8937800;-3,1232300;-1,6204100;0,9475620;-6,2751899;-0,2818750;-0,7032040;-1,5689300;-4,9599500;-1,5461100;-3,0169699;-2,7528100;-0,5044300;-0,2383220;-3,9324400;-4,7953300;-7,7234402;-3,3731101;-4,5617700;-4,6223898;-4,5321999;-4,9466500;-4,5373001;-4,5309300;-3,5678000;0,3405250;-0,1069530;-0,9441820;0,3987130;-2,5369401;-1,4129699;-3,5057499;5,2670798;-3,0426700;2,8657000;-2,3329301;0,3223310;-5,2609801;-4,3863902;-0,4590890;-2,1473999;1,9569000;-0,5628830;-2,2695200;3,4531500;-4,5500798;-0,1755130;2,6566501;-1,5129600;-2,0935199;-1,2491500;-1,7434500;-1,1291900;0,1129690;-1,2683200;-2,0398800;-0,5643920;-0,8870620;1,6116400;-2,4991901;-2,7045901;-1,7635000;-3,2972500;-2,5460899;-4,0533800;-2,0614200;-2,2445400;-1,5821400;-0,4987470;-2,4643800;-2,5534799;-1,2215500;-0,9341400;-0,7290100;0,2011230;-1,6320300;1,4606800;-0,3219000;-0,4118590;-0,4565340;-0,8455110;-0,0966105;-1,1539000;-1,7405100;0,6427430;-3,8786700;-4,6880102;-1,1037000;0,1165440;-2,7153299;-6,2207899;-1,4981101;-1,0244100;-4,5987201;-5,2883501;-2,3087201;-1,6586400;-2,2989299;-0,3243320;0,9464410;-0,3862400;0,1833070;0,2222230;1,1100500;-1,1822400;-6,4872599;-2,6872001;-2,8530200;0,4027120;0,4245550;0,1579900;-0,8428140;-0,0061982;-0,0338280;-0,3328290;-0,3183650;-1,1636500;-1,4529099;-1,0771101;-5,2776499;-5,8239999;0,7731270;0,8031150;-4,8014202;-4,3551698;-7,2905598;-8,1119003;-5,3780098;-4,6956100;-8,1566601;-5,6962399;-0,8244650;-2,6430199;-1,7253900;-2,6084299;-5,1516099;-0,8311110;-4,4833398;-5,2233701;-4,3528099;-3,9058499;-1,7073200;-2,1820099;-2,5400100;-2,8903100;-2,1530001;-5,2935400;-0,5466090;-2,6656301;-3,7652400;-3,1574500;-0,2900110;-1,2736300;-1,7132300;-1,6390899;-2,9551599;3,0422101;-0,4097580;1,1928999;-0,8182270;0,9791160;0,0709264;0,8513960;-2,2255599;-0,2541050;-0,3903060;-1,2801700;-1,6700000;-1,5761100;-0,7909620;-2,1121500;-2,3082199;-2,8953800
53642;57902366;428397,799999999988358;5689473,000000000000000;277,6000061;0,0000000;2,4905601;4,9402900;1,8499399;1,5499901;1,0457600;2,6847999;2,9397199;2,2977700;1,1418101;1,9033900;2,1540000;1,8114600;2,5405400;2,0868199;0,1949800;1,5232199;1,1690600;0,8066080;1,5907700;0,8500680;1,6260300;-0,0710256;0,4852940;1,9224000;0,6336870;0,7958260;2,3904400;2,1911399;1,6621200;1,5787300;1,1505300;0,8621380;1,7002701;0,9006430;1,1358300;0,0711684;1,6036299;1,8131100;1,7468400;1,8378600;1,3715500;1,9425700;1,6656100;1,5453000;1,3017100;2,2857499;1,6905400;1,3329099;-10,4240999;1,7593300;2,3352101;0,6417820;2,0691700;0,7507730;0,2072360;2,6615801;-0,3474830;0,2189460;0,4131570;0,0996621;-0,0366596;0,7220760;1,4718699;0,5811140;1,5959600;1,2395700;1,3853300;2,1826601;1,1884500;4,5129600;1,5661200;2,2625401;2,6375999;2,5345800;3,4607799;2,4444699;2,5104799;3,1197801;2,8811500;3,0300500;1,1432800;0,3608700;0,8614750;4,4580698;2,2230599;3,0426099;2,8471899;2,6091101;2,7968500;0,8405030;2,3088500;0,6704730;2,1280701;3,7976699;2,6730199;2,8777900;3,5634799;1,9101501;2,6100099;1,0046300;0,6153480;1,7235900;0,1242240;0,5272330;-0,6871190;0,7656560;1,6581100;-0,2967370;0,5844480;-1,1189200;0,9351080;-0,5147270;0,5953830;-1,0552100;-0,1520660;0,3323530;-1,2967700;0,2085550;3,4600301;3,4231901;-3,3157001;-2,1086900;-4,9499302;-12,0150003;3,8163199;2,8991599;1,5105900;-0,6409690;0,0449101;-0,2040050;1,4713200;0,6886950;1,4424900;1,2994000;1,1035800;0,3044580;0,5287900;-0,1839600;0,2798420;1,4780800;0,7240710;1,7070900;1,6194299;3,7018399;2,9879799;1,5317700;2,2115500;2,1829300;2,4293900;3,5223401;2,2832401;2,6860499;4,5830998;2,7989800;2,6296699;3,2928400;2,9132299;2,1723101;1,9523200;0,6002590;1,5985600;2,4442101;2,1987300;1,7438600;0,6831650;2,2229500;4,1870999;0,4537460;1,3575400;0,5818210;1,3081400;2,1849301;0,9778360;0,9686840;0,2894470;1,7754400;1,3445600;0,9754860;1,2183900;2,3592200;0,8192590;1,0533299;1,7925400;0,1197080;1,3137200;2,9659700;3,1222899;2,1305001;2,3891699;2,5691199;3,3191600;1,5535200;1,6721400;4,4229999;1,7810600;0,7625390;2,0560200;1,0476100;1,8778200;4,6134200;0,6744010;1,7215800;1,3049600;2,5833299;0,2468940;2,9137001;2,7392001;2,7852199;1,4199600;1,0557400;1,5160100;1,7327900;2,3191299;1,5272900;1,9700600;1,5064400;-0,7936640;-0,2873710;0,6306580;-0,1275020;0,8190120;0,5325190;0,9482260;0,1044950;0,3104480;-0,0518607;0,7640320;-0,1841650;-2,0242000;-0,8745780;-1,2617300;-1,2010300;-2,1810901;-1,2963400;-2,6485801;-0,9398470;1,0130100;-1,9795600;-1,8237400;-2,6796501;1,6843700;0,8611480;-0,1841980;2,0539300;-1,4381800;0,0127587;1,0186000;1,4671600;1,3298100;4,3881998;3,4505000;2,2821600;3,1463699;2,5633099;1,3088800;1,5553300;1,6594100;3,4170201;-0,9008920;0,0268747;2,3428299;1,5238600;2,3103199;0,0370718;3,4652700;2,8530099;1,1795100;2,9185600;5,7163801;1,9868799;2,1355500;2,3859899;2,6605000;1,0093200;-0,5333990;0,5446520;-0,6977210;0,6314840;0,4904670;-0,1097080;0,4692450
53833;57902557;427898,200000000011642;5689563,599999999627471;331,1000061;0,0000000;-0,0548459;-4,0737700;-0,3930600;-3,9352901;-1,1048200;-0,4987150;-0,8117490;0,8828020;-2,3844199;-3,5255899;-0,6661730;-0,6964260;3,9463100;2,6872900;-0,0951117;-0,4760610;-1,2886699;-3,1506200;-2,2947900;0,0355276;0,3168810;6,2460399;1,8191100;-0,0286958;0,3738520;0,3146240;0,2640630;-0,2292130;-0,1830770;-0,0949479;1,3554000;1,1359299;-4,1787200;-3,5204599;-5,4301400;3,2744601;1,1498200;-3,6297400;-5,5730500;-4,1091499;-4,3610802;-6,4868798;-4,3101902;-1,6635799;-6,0558701;-3,6203699;-4,6027198;-4,2179399;6,9521899;-1,0914800;-2,8278100;-3,4012201;-0,2375450;-0,9968370;-2,2243700;-1,5506999;-1,4800800;-2,4612601;-3,1107900;-1,8687201;-1,6698999;-1,2872601;-2,3119400;-1,5153199;-3,6844399;0,1866810;-2,1549499;-1,0695200;-2,5030401;-2,3851900;-0,8700350;-3,5623400;-6,3246398;-1,7127301;-3,9080901;-4,0541101;0,1863270;3,1246600;-1,7011300;2,1868601;-1,6718700;-2,7238100;-4,0967598;-3,6570101;-2,7778201;-0,2522210;0,1110040;1,6169100;1,8660800;-2,8773401;-0,3514700;-0,6136710;-2,4707699;1,1302600;0,3861810;1,4561501;0,9888000;1,8132600;1,3495700;0,7820330;-0,5334670;0,6362180;1,5404000;1,9041200;0,9107650;0,7613930;0,9415940;-1,2444800;-1,4766901;-2,4537001;0,0124068;-0,7056010;0,4574230;-2,4350600;-1,2115999;-1,5370899;-1,2280200;-2,7791600;-1,4927100;-2,6193399;-3,7401400;-0,4000920;-1,6389900;-3,5654600;2,4588301;0,7673100;0,2995130;-2,5033700;1,1595500;-1,0061600;3,0245099;-7,1927099;4,7816801;6,1272702;2,4940500;-2,4406500;1,3693399;-1,0179400;-2,5705199;-0,2786880;-3,2965000;-1,6033400;-1,7493000;-4,4103899;-4,9907198;-1,7764000;0,1759080;-0,4480280;-1,6598901;0,8487580;0,5696230;-0,2567600;-2,5386801;-2,3535299;-1,4963500;-1,3678200;2,4141700;0,5851750;0,4406280;1,2643600;-0,2342530;1,5949500;2,8191700;1,4825799;-1,8535500;-0,2597050;3,3028700;-4,1087899;-1,5878299;-2,1822500;-1,9441800;0,1565730;-2,2543499;-1,8123300;-0,8955930;-1,9829100;-2,4172599;-2,6033101;-3,1139801;-2,3664801;-2,0302701;-3,3099599;-3,0489500;-2,7535100;-2,5311100;-2,1702099;4,6899099;-1,8103200;-1,2279600;-5,2407498;-2,2175000;6,6581101;-0,2229610;1,2820600;-8,5698004;-3,2745399;-3,3230600;9,2814398;4,4210501;-4,9137902;-2,5894899;-5,2156601;-1,8253900;-3,1653500;4,1371398;-4,4929900;-2,6035600;-9,3829203;-0,9172830;-3,0089099;-3,0551200;1,2266800;1,5692700;2,0876701;0,5643010;1,3817600;-0,8753840;1,6832600;-0,7804260;2,3850100;-2,2456300;-0,2931850;-0,4002000;-1,7769001;-0,2853780;-1,7690901;2,0985899;-1,5927500;-2,1367500;3,2547300;0,4146150;2,0321701;0,3377520;-1,5983000;-1,5422900;1,0038500;0,3886130;-4,0749998;-3,1262000;-0,4158540;3,2818999;-2,7007799;-2,6748300;-1,9250200;-2,6460700;-2,4886401;-3,4867499;-2,7372601;1,2801100;-1,1080600;2,3733799;-1,5604100;-5,8123999;-1,5065600;-2,9303300;-1,2870200;-0,7685260;5,0113702;0,3474340;-0,8799000;-0,5415290;0,6902450;-2,0183799;0,0059192;0,3413250;1,7963200;0,3408560;-0,3925020;-2,5818801;-0,4369750;-2,8133500;1,0594800;0,8655430;4,2014999;0,0014527;0,5572040;-0,5153820;1,5580400;1,4487600;-0,8475400;1,4289100
54253;57902977;428377,599999999976717;5689448,000000000000000;276,2999878;0,0000000;0,7388100;3,3891001;2,4300301;-2,0267301;0,0591763;3,1882701;2,2208800;0,0971473;2,8701100;3,3072100;2,7171600;2,0401499;3,2015901;2,5547400;0,1450100;0,4060660;0,6709450;-0,6531810;0,4138960;-0,0555608;0,1647040;-1,1383300;-0,7811850;1,9443099;0,3514230;0,5521770;2,0018899;1,5634201;4,0191598;1,6241300;2,0216401;1,1593500;2,3294001;0,8286490;2,7281201;0,7731120;2,5875800;2,6341500;2,7340801;2,0648201;3,1704500;3,9358599;3,4713199;3,5700901;4,4400001;3,8021500;2,4880800;4,2569399;6,8405199;3,3122599;4,2291398;2,2483799;3,3828399;2,5756500;2,2265301;5,4828801;2,7993600;1,5393400;2,9542501;2,9566300;1,3270700;3,6042199;4,1968498;1,7330400;4,5123501;2,7283299;2,7427101;3,7326400;1,5069799;1,8671499;1,7175800;2,8267500;3,5461500;1,7964300;3,7315600;4,8155098;0,3462650;0,9018080;2,2757101;0,1303190;0,8958890;-1,8968400;-1,5792100;0,2910470;-2,3064001;-1,6554300;1,5474000;1,9838001;1,8536900;-0,1401170;3,9412301;0,4972400;-0,0220799;0,4918380;1,2415500;1,7217100;2,2332201;-0,0015506;4,1730199;0,5455580;1,3521100;3,0483000;0,5163860;-0,9701450;0,5209980;0,3367780;6,9679399;-1,2725900;0,0955684;0,0628206;4,0623899;1,3325900;2,2544200;0,9697170;1,3075200;2,8841901;-0,3788850;0,5476800;2,0044701;4,4821100;4,2399998;3,3642900;2,5866699;0,8695200;-1,6217400;4,5565100;3,9620600;1,6141100;0,5728210;-0,9600460;-2,7045200;-0,1506730;-0,3745160;-0,8804210;0,9659120;0,2795190;-1,2026000;0,7489250;-0,2524390;1,7698700;-0,9230940;0,2849500;0,1475690;1,9743900;4,4626398;3,0350499;3,6363299;4,5038700;3,1820300;4,5993199;3,7132199;3,7861900;7,4482598;3,7936001;5,3221898;5,3498602;5,3493700;3,1373301;4,9435501;2,6330600;4,3531699;3,7438099;4,1641102;2,8258200;0,4681500;2,6079700;4,3744302;2,6181901;3,2587299;2,3470900;1,7063200;3,1888700;2,3061800;2,1382401;1,2839900;2,8653100;2,8034501;1,7181400;2,6049600;2,4058001;2,1071301;4,2783098;3,4992800;1,9887900;3,1158099;5,3441801;3,0988500;2,9297299;3,1724200;2,4688201;4,3119202;1,7478700;2,9262500;3,6701400;3,2137899;5,4820199;5,4498000;3,8864501;2,5170100;4,1984100;1,3106800;2,3935800;3,8896000;2,4702799;3,6176600;3,6420600;4,2588201;3,4200001;-0,1987550;3,0261900;2,1303201;3,3917100;4,0528302;1,5321300;2,9261501;3,7309699;1,8631500;2,7272999;1,7476100;1,1613200;2,0137601;1,4649100;3,3994801;0,9035570;1,4630300;1,4320800;1,2435000;1,1008000;0,9320690;0,1827380;0,1017780;-0,2540060;0,4038730;0,8856060;0,4696120;0,8852290;0,2545270;0,9355560;2,0407500;-0,0992044;0,7439850;1,9364901;1,0312999;1,4678100;1,0196000;0,1534390;1,7610800;3,0044401;0,5130990;2,7151101;2,7064099;2,3320100;2,4316599;2,0068600;1,3230799;4,1050100;0,5720340;2,8551400;1,7289500;3,1452899;4,1633902;2,4366500;3,9481499;3,2128000;5,8436999;2,3097200;2,2650199;2,6910200;2,6872900;4,2404900;1,8206700;4,5622001;2,3694401;4,9047699;4,3354001;2,9674699;3,5363700;3,9349000;3,8266599;3,6753600;4,0131402
54254;57902978;428362,299999999988358;5689457,099999999627471;275,5000000;0,0000000;2,7244000;5,7775402;3,9735401;7,1185899;3,7940300;3,5643401;5,4655600;3,5343101;3,9600000;3,7817299;5,4315400;6,3476400;1,7513601;3,8901701;4,3098001;-3,4881001;3,6851201;5,5988598;0,9686530;-0,9451220;6,0029702;0,4157450;4,9286699;0,7605500;5,2265301;-4,5532298;4,1819801;4,0158300;3,1070099;7,3376999;4,7327299;2,6141500;8,0856705;6,3470802;3,9447701;4,9828901;6,2245498;4,1626301;3,1353099;5,2981200;3,4007101;7,8740802;4,5377002;4,8296599;4,5099502;6,1844401;4,9310002;2,6554301;14,2831001;-0,7263220;4,3871999;5,6878901;6,9416199;-0,5563500;5,7241201;4,4479799;7,7289000;6,0750299;6,7012801;6,4188299;7,7901602;7,0829401;5,7041202;5,9469500;5,6055498;3,9643800;7,4706702;8,2435904;6,9745698;8,0189695;8,0993900;3,3850000;2,2507000;4,7529101;6,9502802;2,7452400;6,7832999;4,5841799;2,1187799;1,7949899;5,2549801;5,7983298;3,6659400;3,4154401;7,1424198;0,9083760;4,6256700;-1,5894700;6,6972599;3,8152699;0,8745690;0,8493440;5,0468302;1,8775600;2,9845800;5,7177601;2,5674500;1,1813700;11,0226002;6,2342701;1,6867800;3,6889601;6,9417200;6,4873500;3,5401299;5,5717802;5,6076598;5,5415602;4,5099902;4,1603599;8,2136803;3,4032700;3,2366800;4,1663499;2,5064800;4,4951000;5,1275001;19,3918991;5,4751801;6,7166200;5,9432998;7,6780500;5,8181000;5,8119798;2,3909600;5,5040102;3,9994500;4,1130300;5,1006598;4,3493800;2,4257500;5,1329398;4,5328102;6,0886202;5,3511600;6,5130801;5,8851299;4,5140100;5,2350302;2,3174400;6,3011599;5,3324099;4,4623199;5,5176401;3,9745800;7,2326598;-9,6324596;6,8232198;8,0745697;2,1219699;-0,1179800;2,7044699;10,8774004;8,2470303;7,8033600;7,5649900;7,8731699;8,4253302;6,6151600;4,3256998;7,4310198;7,8507500;6,3000798;3,5920601;3,9460900;2,4096301;0,6033070;5,1029902;5,5021601;8,3260202;2,5783401;0,4035610;3,8192699;7,3683600;5,4521599;1,4533401;7,5513101;6,7202201;7,0662699;3,2310700;1,4187500;7,1564698;3,3283801;4,1947699;6,8062801;2,3596900;3,4537799;5,7975502;5,6321802;6,3478999;7,4191499;5,7990999;-0,4038210;5,3000102;4,1269302;4,2281499;5,9938402;5,6623302;5,6257200;6,0944700;0,9430480;5,1884999;5,4599700;3,1325500;2,3520200;2,0328801;4,7643900;4,1269698;3,1664801;4,5918002;0,3414350;4,0126700;1,7150900;7,8464098;5,0021400;2,6759100;1,9671201;1,0999000;1,1556000;7,5662899;-1,3013600;0,9158680;3,9316499;1,4887201;1,1626300;1,6399200;4,0257802;-0,1009200;3,0817101;1,6539700;0,4795810;-3,5324700;1,5887001;7,3792701;7,2355499;5,1266499;5,4658098;3,1892099;5,6274199;3,1173501;-0,3368960;3,9415901;5,6059799;2,4598801;5,1843700;2,4504499;1,2319000;1,9638200;6,3615398;4,2815900;3,1897800;1,8186500;1,0143000;1,8442900;2,4670401;2,6400199;3,2742801;4,8831801;0,5373870;4,4115901;7,0207300;5,0319600;7,2733998;4,8158002;4,3913398;3,0884299;-1,2699800;3,7384801;1,1372800;8,5759296;3,5577800;4,7720799;2,8761799;3,7975700;3,5078599;6,3676000;2,9599199;4,5620298;4,8250499;-0,0743403;6,1193800
54419;57903143;428378,099999999976717;5689441,200000000186265;280,7000122;0,0000000;-8,7085600;-6,6841502;-7,5977201;-7,8456001;-7,2007599;-3,1708701;-0,0864029;-5,1781998;-5,9667401;-8,9687300;-7,1443801;-6,1150799;-10,2728996;-8,3305798;-7,4249802;-9,5471096;-7,1593499;-9,0080099;-7,0305099;-7,1366801;-7,4682002;-7,4412799;-7,8087602;-8,5818796;-5,4610600;-9,3319502;-6,8451700;-10,3343000;-10,2952003;-9,2571096;-7,3851299;-5,4492102;-6,7211399;-5,8798900;-7,6426101;-8,7078400;-7,9360900;-7,1801901;-5,9469500;-7,5307798;-6,8482399;-6,2426600;-7,5947099;-7,8128099;-6,8966899;-7,7157798;-8,6917000;-9,9320097;2,0894201;-12,2316999;-8,8516197;-8,6975002;-7,0339198;-10,3465996;-7,0793300;-7,1840701;-8,4944801;-5,9399800;-6,2356801;-7,2380600;-8,9789801;-6,9769001;-12,3267002;-6,5348501;-8,3806801;-5,3960900;-5,2483702;-6,7554798;-6,1845798;-8,9080801;-7,1009998;-10,1114998;-6,6373601;-7,9353299;-6,9572301;-10,8739004;-7,4475598;-9,1002398;-9,0851402;-7,8577900;-9,3889999;-10,3781004;-7,2470498;-8,7770004;-7,7567301;-9,6059999;-9,6667099;-8,8373804;-9,5451002;-10,2235003;-10,8396997;-10,2643003;-9,1345701;-7,3835201;-7,5744300;-8,7935495;-12,2518997;-10,9826002;-12,6752005;-10,8023005;-10,0268002;-8,4308395;-8,0528202;-7,0822802;-11,3612003;-7,9429498;-12,9155998;-9,4876404;-9,6285000;-9,1522398;-11,7054996;-10,5380001;-8,9158802;-7,9563398;-8,2864304;-9,4752197;-7,8311701;-12,2398005;-7,5870700;-9,6981201;-9,3126497;-6,0030799;-11,8639002;-5,4521999;-9,0918102;-8,4786901;-10,4441004;-8,7482004;-11,5944004;-7,9992800;-11,4998999;-6,3208199;-6,8114500;-8,5932198;-8,1258097;-6,7733302;-8,9902897;-9,6936903;-8,0283098;-8,5067596;-6,8629599;-7,7310200;-6,9378500;-10,2417002;-7,0820198;-9,1044102;-8,0963097;-6,4701700;-7,1538501;-9,0945902;-8,6434402;-8,7874603;-8,1084499;-8,1061201;-9,4282703;-6,9565101;-6,9921398;-8,1087599;-10,1654997;-7,8086200;-5,7815499;-6,4628401;-7,0981498;-7,8434401;-10,3598003;-7,7979002;-9,5306396;-8,1674404;-6,8123598;-8,7815905;-6,7776599;-5,6436701;-7,8280702;-6,8465400;-8,6153603;-6,4992499;-7,0216498;-7,4433899;-8,4528503;-7,7910399;-8,8557501;-10,5616999;-10,1254997;-5,2714000;-3,8180499;-9,9771996;-6,5862999;-5,6455798;-11,8774996;-6,6804500;-7,5777202;-9,0678101;-7,4523401;-5,7446098;-7,3904200;-6,4191999;-2,9176300;-5,3484502;-5,5371699;-10,8023005;-19,3598995;-4,9122901;-6,1746001;-1,0194499;-6,2614899;-8,0345898;-2,8982699;-4,6393499;-8,8731203;-6,5091801;-6,7680302;-6,5337801;-6,9454398;-6,7397699;-6,5100598;-7,5560999;-6,3736401;-5,4321399;-6,0425601;-6,4809599;-5,6749201;-6,0643401;-5,8191500;-6,7217698;-6,1494098;-4,6893702;-5,0081701;-1,1189200;-3,8297100;-2,5744801;-4,4577799;-3,1328001;-2,5370200;-4,9698801;-4,8528600;-4,4040999;-5,2516098;-2,8191600;-3,7546599;-1,9930800;-2,1928999;-5,7844601;-2,1329000;-4,8031998;0,0128555;-2,5278699;-3,7282801;-3,5805900;-4,2459698;-1,6358900;-3,3912399;-2,3705499;-0,7652330;-6,2782001;-4,8944001;-9,5188904;-6,8021898;-5,5261798;-1,7098100;-6,6970501;-2,3299000;-1,3128800;-2,3745201;-2,4938500;0,0344906;-3,5391800;4,2570000;-1,3091500;-17,1930008;-12,2636995;-3,5905600;-5,5394402;-2,7429399;-5,1896601;-0,2429990;-9,5245199;-1,1735801;-1,7711500;-1,3061399;-0,9942790;-3,7744501
55000;57903724;428365,700000000011642;5689415,299999999813735;275,7000122;0,0000000;3,8473699;4,0886998;3,4437101;-1,1792600;4,2022400;7,7129698;7,3190899;2,4191401;6,0539298;1,9374200;-1,5042500;4,7222500;8,3523302;3,7975600;-0,9597600;9,8175697;8,5818501;5,1292300;5,1115499;7,7192001;-2,6936700;8,7410603;5,6589999;4,8726501;3,2501600;10,2909002;4,7174201;6,8133798;6,0030599;6,9479299;5,0787702;7,1566200;4,8447099;7,9405398;1,8289500;2,6751900;7,8791399;9,4312000;7,7995501;7,5927300;8,7304296;7,3790498;7,4599500;2,3804400;3,8748500;7,4802499;5,4818902;6,4314098;5,1765299;1,6262800;3,9828801;11,2420998;7,3939800;10,1185999;3,5955701;6,5840902;7,1089001;5,8608298;5,9293098;3,3092201;7,6903100;3,4568501;6,8724499;8,3090296;8,2159204;6,5264802;5,7814498;5,8103600;5,0079598;7,7402101;5,8101101;1,8996600;3,9619999;12,5546999;6,3506198;5,6806102;8,0577002;11,1829996;8,6338301;7,0183802;13,3102999;7,9040899;7,9290099;6,8964901;7,5465598;6,4484601;4,9573302;6,5365000;3,8135300;-1,2723200;0,3278800;0,9491660;2,1807699;6,0561299;5,9618502;7,4099002;9,3291597;4,7864699;6,0370698;-0,9538350;5,9985900;3,1862299;2,9293001;6,1438999;12,7849998;0,5162450;2,2531700;4,5104098;-1,4508100;-3,2806799;3,1232500;6,6157799;-6,3117800;13,4420996;5,4301400;3,1175301;0,4551040;5,9107199;5,1059299;3,2958100;4,4724202;3,6984501;1,1692100;5,9042301;1,1221800;3,7289200;6,5810399;-0,2979330;7,2295098;4,8954201;7,3673501;8,0379295;5,5731301;4,7257299;6,9064398;9,7908897;8,4790297;8,1579704;7,8051300;8,9446697;8,9525700;8,8670902;10,3576002;10,2180004;6,3774199;5,8107300;8,6316299;6,8052502;7,1414299;6,1460099;3,5592699;2,3094599;5,9781098;4,6723399;3,8439500;6,0815501;5,6145501;4,7883902;4,5112000;4,0482602;2,9554000;3,0459800;0,8629970;-0,1523610;4,2339301;2,8148799;4,1169901;3,3230300;0,3106900;2,3714299;0,5902880;3,3234200;1,0644100;4,5115299;7,9727302;4,3431101;6,7647300;8,6928301;6,9544902;5,7028699;2,7252901;1,9564400;5,9420400;7,8175998;6,6875000;4,4585099;9,2171297;5,9447699;7,1602802;7,0753899;6,0496001;2,3733799;0,9840430;4,7999301;3,0434799;5,0282202;6,1516700;3,3887000;5,1732798;6,7695699;9,5790501;-1,3584599;2,6734600;5,0643301;6,8103900;5,0291700;7,3614402;3,9418099;8,0045500;1,9353499;8,8606901;3,5910399;4,5561900;1,6337200;4,1873899;1,4755100;1,2027200;2,5199599;8,1620197;4,6302900;3,5153799;4,7184300;4,3538799;4,9853501;3,8940799;6,0114999;6,4085798;2,3169799;4,3286600;3,8129399;-1,4209100;2,8160901;-0,9802240;3,6019001;0,0179787;4,3825102;-0,4854920;1,9750900;3,3277900;-1,3582300;4,9889898;-10,2354002;1,5463001;3,2833700;4,7153602;5,4536800;9,2656002;7,2074699;7,6087098;3,0165701;3,1838901;4,2768602;3,5997601;1,4902300;0,4451350;11,2532997;1,7210400;5,4582901;1,6712400;2,5424199;5,2884302;4,6814098;4,5930400;4,0992899;11,9574003;1,2785500;5,5532699;6,4960599;-0,3874620;3,7744501;-0,5664830;5,8937302;4,7480898;4,5688801;6,1144099;8,5489902;5,3255501;7,5053301;5,9116702;3,6664200;4,6328402
56498;57905222;428104,099999999976717;5689391,799999999813735;328,6000061;0,0000000;6,3986502;16,0907001;2,5202701;5,3715601;11,0160999;3,1163900;12,5914001;7,1159801;7,0496898;7,7527800;7,7898502;6,7939501;4,2902498;5,6519399;8,5480404;11,8592997;9,3883896;7,0269198;2,6396699;7,8949199;15,2741003;17,8780003;-0,2720270;5,8858099;-4,9325800;7,2473102;-7,0508800;-7,0463901;6,5009999;2,7469001;8,7969904;11,4117002;16,8216000;6,4142799;10,7568998;4,1543298;5,0601301;3,5197899;9,7764196;10,3654003;6,0001998;8,5913601;8,4594803;6,5690098;6,6907902;7,9238701;6,0874000;5,6549001;7,7620101;2,5898099;5,8136101;5,8514800;5,9640002;5,6170998;7,0573301;5,2490301;5,7358799;5,5953999;4,8015099;8,4896297;7,6450701;8,0464602;5,5593100;6,0749998;7,0300698;5,0502601;8,5234699;2,4754100;6,6290798;1,8637201;7,7459602;5,1750202;6,0018301;7,6275101;4,8985300;4,2498298;6,4508600;7,6280799;5,6301298;4,8116498;7,1140699;7,6222601;7,9274001;8,3874798;8,1826696;7,5463901;5,8754601;5,2001901;6,2784500;6,2256298;4,7646098;2,3951199;7,8557901;7,2584500;6,6787701;5,9008098;4,2154002;5,7174101;6,0372701;5,5321498;1,9183400;4,8994999;5,2643499;4,2243299;5,8931298;7,8376498;1,9175700;6,8500099;5,7306499;5,7284298;1,5610700;2,1114700;2,3414800;2,4083500;0,7833340;1,1469400;4,8810401;2,6036999;6,9777198;4,1458602;9,9233999;8,1220999;4,5199599;5,9606500;6,5846200;3,3541300;5,2792401;5,6892500;-6,4026599;6,6664600;1,0741700;12,2594995;10,7328997;2,7794499;-0,2922520;1,2428900;9,3480701;2,0938399;3,5259600;3,7797101;5,2064900;6,3566198;4,3915200;6,8526602;5,2456498;3,7873600;2,9396601;4,9290600;4,0680599;4,0026698;1,4091200;3,3790700;2,6531799;3,8467400;2,6603799;1,9684700;1,4603699;-0,6206070;0,6173360;-2,7257600;-1,9425499;-0,5914150;-1,1764600;-0,1557530;0,5228130;-2,0685599;0,8466840;-3,6871300;1,3405000;2,8123901;1,4288700;1,2475100;0,3560070;2,9826300;1,3402900;0,9003850;1,7281801;2,5991600;0,3253250;-0,2957040;0,5343040;2,0896299;-0,9765470;0,4954890;1,1977299;1,5789900;1,4833800;0,5448110;-0,5396070;3,1834099;4,4810801;1,0127200;2,1158900;1,6966000;-0,6331300;0,4382290;2,3862100;1,0054500;0,0297885;1,6235300;2,3062999;-0,2921900;4,9051600;-0,0144010;0,5328260;-0,0818129;-1,9069000;-0,4174300;1,1769300;-0,3660260;-1,1444100;0,9899580;-1,0415601;0,2349450;-0,7985860;-1,5426000;-1,9770000;-0,3558960;-1,1784101;-0,0858641;-1,8754400;-0,7530930;-2,0420001;-1,2539001;0,9330140;-2,6774299;-1,1686100;-1,5521500;0,1197670;-1,2242100;-5,3690701;0,8626750;-2,5923800;-2,5355501;-3,7188699;3,9004900;-0,9452980;-2,4751101;-1,0340500;-2,1546700;2,1394200;-2,6080599;0,5405000;1,1372800;-0,6301280;3,6895001;-2,3288500;0,4118970;3,1991100;1,1766500;3,4078000;0,2440280;0,1809790;2,0311501;2,0076001;-0,7457140;0,8174380;0,2236860;1,3377100;3,9200900;4,0866399;4,9220800;3,7937901;0,9213200;2,4581399;3,9620700;1,9434201;2,9119401;-0,1995370;3,4468999;-0,7020730;-1,8176100;-0,0699811;-1,3695400;-1,0553100;-1,6920100;-1,2980000;-0,9170240;-1,6383500;-3,0746901;-3,3933401
57131;57905855;428144,500000000000000;5689352,200000000186265;327,6000061;0,0000000;2,6912501;17,0526009;-6,0926399;1,7769001;9,9130297;2,5871699;2,3782201;3,1745601;2,4275401;5,6837001;5,5005498;5,2164502;4,3485198;4,5680699;6,5037799;0,9550450;2,4613400;6,8806801;1,5907700;3,6483700;4,0928102;4,7989001;2,9861200;1,6283799;4,0714102;2,1784201;5,0269399;2,4927399;5,3615398;4,6198001;6,2806902;6,5154400;6,5952001;8,0073099;5,1267800;6,0113101;7,6154699;5,7381001;5,1210699;7,4070601;3,9466500;5,6158299;2,5743699;3,4972000;1,1336800;2,5427401;1,4925900;0,8043220;4,9442101;3,0808101;-0,5826390;0,6417850;1,2325900;0,1868700;2,2108099;-0,7128200;3,7617300;2,5211201;5,1158400;4,6277399;5,1192799;1,3552700;1,8532600;3,8755000;0,3224350;0,7536970;3,5512800;4,0006800;4,0084901;0,5891160;3,7114000;2,5535600;2,4732800;1,6287400;1,5217600;3,7432699;3,5915101;2,7082801;2,3794401;2,1518900;1,4948300;4,3418899;3,8787701;4,2985201;3,8272901;4,2714801;4,0180802;0,0626874;0,8133720;4,3884702;1,8619300;0,3096900;0,8908880;1,8937200;0,9792750;3,4907100;0,1655040;3,9818001;0,5928340;11,0407000;0,3638320;1,6134000;-0,2038750;-14,0724001;-2,9495900;-1,7983299;-7,7957702;11,2250004;-7,2776899;8,7767000;-2,6248000;1,8053401;-1,5555800;-0,9261080;-10,1044998;5,1919398;-1,2362000;6,4818902;-10,8459997;2,3817899;2,3260801;-5,2108302;9,1549797;2,0953100;4,1142101;2,3708899;1,6202199;-5,9371600;-5,5229998;3,8115001;2,7503200;0,4965260;4,8922801;0,8819160;1,9796799;2,0074899;0,2004240;3,3510499;7,2257800;1,1864500;2,5613999;3,4048100;3,7009499;1,8312500;2,1211700;2,2386401;0,4695350;1,9005100;1,3145601;-0,8894170;0,0747027;1,3438700;1,3162100;0,2024570;-0,7746280;-2,0163500;-2,3841100;-4,8818898;-5,0546398;-5,4078999;-5,6982799;-3,6681600;-4,5009599;-4,5979700;0,0369537;-4,9921398;-2,3819599;-7,7116299;-1,6042700;-1,9215300;-2,8809299;-2,7344799;-3,9889700;-0,8787010;-0,1528780;-2,2299199;-2,8975301;-2,8061700;-0,9860820;-0,1194760;-3,7869599;-3,2417700;-2,2175200;-4,0235600;-4,4607301;-2,2427299;-1,9323900;0,0648308;3,4080200;0,9658440;-6,4869199;-1,9718900;-1,8498600;-2,5771501;-1,1480300;1,0901000;-1,2545400;0,0659506;-0,2301520;-0,4201750;-3,0160401;-1,8270800;-1,9507800;-3,6473601;-4,6152601;-3,9780900;-1,7620000;-2,5077500;-1,9247400;-2,4896400;-5,9208298;-4,0972500;-4,0790100;-4,9308801;-2,6453400;-5,5426898;-3,2703300;-3,7316201;-3,9514799;-4,9913998;-5,1490302;-4,6178098;-0,7286540;-5,8716502;-4,2553401;-4,5412002;-6,2123199;-7,1228600;-6,2756901;-6,5936799;-4,3561101;-7,6071501;-4,9669600;-8,4157801;-6,4759798;-6,7967300;-5,3139601;-6,3884501;-6,4455099;-8,6266298;0,6913000;5,2797198;-3,4142599;-6,4575601;-4,8522401;-4,2205100;-9,5868196;-3,6321001;-5,7999101;-5,1578698;-10,0239000;-10,3684998;-4,8725400;-5,3554101;-7,1176000;-4,5241799;-2,2828600;-2,1874599;-7,6814499;-3,5748999;-1,9921300;-4,0660200;-3,0176301;-2,3873100;-5,7506800;-2,9526801;-3,1417201;-3,4585600;-5,8043900;-5,2632499;-3,7226701;-4,8848500;-5,9657001;-4,0195899;-5,6651902;-2,5875199;-7,1293502;-6,9305701;-6,4622898;-6,7546101;-6,2427301
57769;57906493;428199,200000000011642;5689306,900000000372529;327,3999939;0,0000000;10,6004000;8,7923002;6,3869801;17,9050999;6,9654999;9,3630400;9,6006603;9,2592897;6,0218902;8,9797602;7,6033902;8,3724003;8,4208002;8,6029100;6,7246199;4,1571999;6,1070600;4,5918999;5,2606401;5,8966799;6,9626598;6,1180801;7,2542200;-0,7142380;8,2188702;0,6001610;5,8052402;4,6901698;2,2701700;8,0420504;9,5203104;7,1965799;10,8829002;5,7535901;7,9664898;8,9666204;10,3924999;9,4286098;9,5000296;8,9286203;8,0780201;6,0395098;8,1928997;6,0991802;8,2470398;4,8864298;6,3081398;9,3352003;-1,8969600;2,1474099;4,5545502;4,6186600;2,7476399;2,9942701;5,6440301;2,7971001;7,0009298;7,1363802;9,1442204;6,8446698;5,8115301;8,5948000;6,9999099;7,0960102;7,5022001;5,4148202;7,7715402;6,6594501;6,9780698;3,9744999;7,6034198;7,0395799;5,0470800;2,8309600;4,5764999;2,2704101;5,7976799;4,0690398;3,8445101;5,1739502;6,3681898;7,0759902;4,8595700;5,3592100;6,3905001;6,7343402;6,9507399;4,3955302;8,0404997;7,0022802;3,2538099;6,3787098;7,9037099;6,7568202;6,0782900;5,4095602;5,0168200;5,5815501;9,2437096;9,6647701;6,7602701;6,8803201;-9,2776003;8,3970900;4,5056000;6,4399500;6,5894399;9,2370596;6,9992800;6,5634398;13,1555004;9,3405800;5,7296400;6,0889902;5,7213602;4,5551600;6,1481700;4,2505102;5,4180698;6,8370700;5,8804498;5,9629502;8,0285797;6,5120802;3,6376700;3,3882101;8,7947702;9,4260902;8,6205301;6,3493600;9,5305300;6,6036801;6,9468598;9,9399900;9,5313702;8,6771698;7,5461001;8,6110497;6,8471699;6,5225000;7,0753102;5,8882599;5,1817298;5,0567698;3,8310900;4,4597502;4,4526901;5,7246699;4,6646299;3,7664199;1,7301100;1,8661100;2,8637500;0,3530300;2,5057800;-0,0340929;0,9885090;-2,0956700;-0,8740020;-0,1139470;-2,9248800;-0,0794325;-2,1773000;-0,7397870;-0,2414490;0,0677958;1,3155500;-3,7394099;1,1556500;2,2103100;0,1462340;0,6418610;-0,6699220;0,8483310;-0,5066100;2,1733501;2,2798100;1,9169101;2,0245199;1,9038000;0,7917480;2,0123501;1,0293900;2,0143600;4,0265298;3,0469899;2,4570000;3,2647400;3,5287001;3,9101300;2,6323600;1,8665800;-0,2884330;1,7522300;2,3571301;2,6582301;1,3823299;2,1899600;1,1211200;1,1285700;-0,6293990;0,4899420;0,1183480;-0,1538070;-0,2694600;-0,6875200;-0,4024340;-0,1355000;0,9227850;-0,9829920;-1,7517300;-0,3622060;-1,2492100;-0,1923480;0,2194060;-1,2470000;-0,5963220;-1,0600600;0,6464640;0,4683570;-0,1939830;-1,3041500;0,4198710;0,5135700;-0,3406520;-0,0263624;-1,0444900;-1,4857301;2,7806201;-0,9351800;-0,8753600;-5,7916002;-0,8454180;5,4152098;12,6957998;-0,3234500;3,1121399;1,3967000;4,7881098;4,3461299;-4,2882299;-0,6015330;5,4254298;3,5242801;1,1952100;2,8467300;-0,4567960;1,7291900;1,0719600;0,7449000;3,8190801;1,5929800;2,1256299;1,8016400;0,9605230;2,1628001;1,0087100;0,0508819;-1,4286400;0,4149230;2,0499301;0,6450680;2,4261601;1,2551500;2,1527801;0,8074210;-0,3159160;-1,2629100;-0,5301990;1,0236300;-0,2358920;0,7615730;-1,2077100;-0,2780900;0,0353546;-1,6493200;-0,2427490;-1,0838900;-1,8229001;-1,7679900;0,2247460
58600;57907324;428233,599999999976717;5689262,299999999813735;327,7000122;0,0000000;-7,5359402;-10,9801998;-14,6491003;4,9762201;2,9922600;-5,4606400;-2,2702899;-4,3922801;-5,2677898;-2,2012300;-5,1828899;-4,0068402;-4,9744301;-3,4704599;-3,7793100;-3,5752499;-4,9361601;-2,5360301;-20,4939995;-2,1033599;-12,3261003;-10,6215000;-12,3645000;-8,0764999;-11,7859001;-5,5924802;-18,9848995;-13,0403004;-3,1668000;-8,4777098;-4,2542100;-4,4466701;-11,3958998;-2,5925300;-4,1301799;-10,0750999;-7,3931198;-7,9033399;-2,7302699;-4,6795001;-2,5529101;-6,9369402;-6,8400602;-7,4801002;-5,6380801;-7,2688098;-6,8853898;-8,4375696;-13,8563004;-0,4070820;-7,8804498;-9,1129799;-8,5513897;-7,4919000;-7,2134600;-7,5789599;-7,7547302;-9,6716404;-7,3472900;-7,8734698;-8,3497000;-7,1970301;-7,9612098;-7,7664599;-5,9372802;-3,3859999;-7,8433900;-9,0531301;-10,2875004;-11,6194000;-6,3562198;-6,8968401;-6,0533800;-7,5181298;-8,0687599;-6,7325802;-5,6156902;-6,6077399;-6,3056202;-7,6594300;-11,4925003;-12,4726000;-8,5837202;-5,6292300;-7,5259099;-7,4244099;-6,8207998;-5,0788298;-4,8220301;-4,8696699;-6,7678099;-5,9996099;-6,7319698;-4,1114802;-7,1198502;-6,9180698;-2,6184700;-5,1774302;1,9592299;3,6634300;1,9674100;-9,9803801;-17,2861004;-14,8670998;-4,4256902;-19,9827995;2,4621899;-15,6466999;-1,0283200;-15,3662004;-5,4201102;-8,3092899;-4,3916402;-0,5371120;-6,4710002;-15,4680996;-12,2021999;-8,1406002;-11,8247995;-15,3399000;-10,8750000;0,5490710;-15,0422001;-17,5655994;-16,6417007;-22,0384998;-16,6434994;1,8692200;-14,2152996;-11,8254995;-10,6830997;-11,5939999;-8,1795597;-14,3811998;-2,3217800;-5,5797801;-9,7977600;-9,6856899;-7,0154500;-4,7757201;-9,2518196;-9,7430296;-7,6385598;-7,3759699;-6,8263898;-8,5216799;-8,4484100;-8,4298801;-11,1029997;-7,1454000;-9,9696798;-9,8641300;-10,7784996;-12,8247995;-12,7536001;-13,8163996;-11,9583998;-13,6533003;-13,8774996;-13,4794998;-13,7498999;-13,2586002;-14,5056000;-13,0142002;-16,9137993;-11,7930002;-12,4385996;-14,3007002;-13,2952995;-11,4182997;-14,8500996;-10,2896996;-12,7333002;-13,1817999;-10,7074003;-12,2679005;-8,5073500;-13,4139004;-12,1956997;-11,2379999;-10,1163998;-9,1396904;-6,1590900;-9,7033195;-12,5368996;-11,9279003;-8,7187099;-8,3109798;-12,7828999;-10,6021004;-11,8477001;-12,0598001;-6,1915598;-11,3219995;-12,2390003;-12,6244001;-11,0450001;-12,4623003;-12,5043001;-11,8494997;-8,8306103;-12,9366999;-11,9918003;-12,0000000;-11,7575998;-11,5869999;-11,1120996;-11,7454004;-10,5930996;-13,4882002;-12,0317001;-13,1640997;-10,1195002;-12,7020998;-11,3606005;-14,9289999;-12,6545000;-11,9758997;-13,7111998;-13,0066004;-9,7316103;-11,1812000;-11,2058001;-8,9867296;-11,7445002;-10,7627001;-4,5226102;-2,3006101;-7,5181499;-10,2153997;-2,7299399;-14,9785995;-8,4943705;-14,0258999;-20,7975006;-10,7233000;-17,8773003;-15,2347002;-11,0936003;-12,7718000;-14,8281002;-13,6987000;-10,9726000;-14,2868004;-10,3150997;-15,8240004;-11,1385002;-8,7703695;-9,8137598;-18,3220997;-24,0895004;-5,1248698;-6,5081301;-11,6971998;0,4974930;-8,1119003;-14,8338003;-15,7728004;-15,6684999;-14,9466000;-16,5865002;-10,5360003;-14,6049004;-14,1848001;-12,1582003;-13,0899000;-11,1018000;-10,3027000;-12,2244997;-9,5190296;-12,9094000;-12,6522999;-13,9187002;-12,2953997;-11,5735998;-16,4682007;-12,4475002;-11,5464001;-13,6029997;-14,2517996;-14,4127998
59983;57908707;428371,000000000000000;5689166,700000000186265;336,3999939;0,0000000;4,3444800;-8,5992203;0,8226450;-8,4027596;-1,6533900;-5,2152400;-1,9116600;-5,1962800;-4,9168501;-2,7135999;0,4095150;-0,0760646;1,1563200;0,1576770;1,0921400;-1,2203900;5,1778402;1,0808100;2,7795501;0,1784310;-0,4313910;0,3636010;2,9457099;1,6442300;-2,4330101;1,4271700;-0,4673770;1,3315099;2,1012001;0,5819360;-2,5411301;-1,0713900;-2,2179501;0,8589570;1,5554399;1,5302200;-2,8266699;7,7008400;-6,0411301;-1,1629699;6,2324200;-1,9371600;-0,0196109;1,2201500;-1,2772400;-4,6732998;-2,5797999;-4,3565302;-9,7724705;1,8583100;2,3284099;-4,9071102;-4,1483798;0,0223055;-2,7305501;-3,2646101;-2,9379301;-6,1178098;-7,7869101;-3,4244699;-1,7728500;-3,6096699;-0,8273130;-5,5164800;-3,9344599;-3,5797400;-4,1203899;-5,3792200;-3,1058500;-1,0369700;-4,1731300;-0,9431890;-4,8473902;-0,9169200;-1,0526800;0,2419400;-3,4671199;0,2438210;-3,5526600;-0,2433840;-3,0910001;-1,5484700;-4,4231701;-2,5211899;-0,7952590;-1,6453300;-0,2161410;-1,9866600;-1,2536401;-5,1486201;-2,4096501;-3,5377800;-3,4862700;-1,4868300;-0,6935310;-1,7021800;-1,1851900;-1,4620100;-1,2267600;-6,2174501;-2,1577899;-4,7470798;-3,4764199;-4,5912800;-2,5965199;-5,7571001;-4,7182899;-4,1709599;-4,2802200;-5,0878000;-0,5163610;-1,8692800;-4,1065602;-0,3979540;-4,7573500;-3,5671999;-2,7495601;-5,1908498;-8,3952303;-8,4104700;-3,0946801;-6,5184102;-5,9071202;-6,1043901;-4,9481902;-15,2497997;-17,4067001;1,8064300;-3,2017000;-5,3028302;-1,9398500;-7,1196098;-8,1596403;-4,2028999;-5,4214602;-6,8830700;-4,4255400;-8,1638298;-6,9657001;-0,5478270;-6,7315001;-7,0986300;-4,4231400;-4,7307100;-3,3762500;-2,6542201;-5,1297798;-6,0504699;-8,7230701;-4,4512701;0,1654690;-5,3052602;-6,1475501;-4,2580900;-4,4210901;-1,9320000;-4,3113298;-6,8080301;-5,2211599;-6,9130502;-1,6107800;-3,9223299;-4,2698698;-0,9715120;-0,1421270;3,6606100;-6,5701699;-1,3108500;-7,7935700;-4,7921700;-6,1823602;-4,5345802;-4,9558301;-6,2478800;-3,4590001;-2,0917900;-13,9147997;2,7923000;-2,3387201;-4,9152598;-4,6139698;-4,4800301;-12,9138002;-3,5720201;-7,6713099;-4,9279099;-7,6174002;-7,2438598;-14,2858000;-10,6798000;-4,6708202;-1,1015500;6,0751700;-15,6350002;-8,5682402;-4,6195502;-6,7652302;-2,5721400;-2,8036001;-4,5432200;-2,5683601;-8,5144997;-4,4550600;-9,8440599;-3,7025299;-0,3959060;-4,4367399;-6,1924601;-5,6852899;-3,2932401;-3,5730801;-5,5419798;-2,5840099;-4,9970198;-7,8381200;-5,4518499;-2,3872001;-5,0398998;1,9708400;-0,9965220;-2,0576100;-3,3004000;-4,1693802;-2,9191799;-4,2764401;-5,7578001;-7,1556301;-3,5761399;-3,3811700;-4,9327002;-4,5945401;-4,6490502;-4,0030999;-2,7379799;-3,2764201;-4,5753102;4,8922601;-7,8367100;-8,4396200;-3,6186099;-4,5784602;-7,9065199;-6,0368299;-7,2131200;-5,8268600;-6,5397100;-6,7901702;-4,9945102;-4,0948000;1,2949600;-0,7502840;-8,1823397;-8,9025297;-2,1931601;-11,4587002;-19,8707008;-10,1260004;-8,3812304;-6,9849000;-15,7705002;-12,2356005;-9,0047302;-10,9055996;-10,3184004;-11,4876003;-7,6945601;-6,8145800;-6,0351501;-7,8083000;-8,7511196;-7,2384000;-6,7477899;-8,1420698;-9,2872105;-7,3013401;-6,4175301;-6,7961502;-8,1858997;-9,1366997;-9,7710199;-8,7714195
60189;57908913;428405,099999999976717;5689148,900000000372529;333,8999939;0,0000000;0,2952410;-3,1651800;1,7322299;1,2615300;3,4237800;3,3159699;4,8297801;2,5141699;2,1203599;2,5708399;2,4801199;3,3524101;5,1264601;1,5067700;3,2941301;5,1724901;2,0580001;1,1599801;3,0257101;2,1223199;2,2270200;0,1443360;1,5223100;2,0329700;1,4151900;2,3965800;1,2387400;3,8809400;2,2981300;4,5264702;2,9923100;2,2297299;3,8905001;4,8140802;3,2926700;2,8078001;1,7667500;2,4229600;5,5859900;4,4173498;3,8980000;4,7658000;4,3906398;3,3833101;3,1764100;3,6647501;3,2816200;-0,0785866;10,4918003;9,0923300;0,0037236;0,5368980;1,0876499;1,7738800;0,7224050;-0,0715213;1,9059700;1,9412400;2,3826699;1,3838600;2,4273200;1,8465300;2,0169799;3,3426800;3,5421901;3,6114700;4,3789701;4,0114398;1,6425300;3,3780200;3,8400099;3,1136401;1,7432400;3,0467200;3,5740499;7,6176400;5,2921600;3,0113800;7,9699502;3,3853600;2,6630700;4,8075800;3,2014101;4,5618000;2,5165601;3,4829800;4,1752801;3,8875000;4,6383100;3,7676201;1,3088599;1,2837200;2,2840500;0,9437300;2,5507400;1,8632801;3,2181399;5,5242200;3,8208699;0,0987854;0,5833160;4,3373599;3,5498900;1,5328600;3,2293301;1,9186300;0,9773440;0,1734490;1,5521300;0,7723440;0,3722480;1,3267800;-1,0134900;1,0164100;-1,1707000;0,3594400;2,5637100;1,9497100;2,5434999;2,8151600;2,4365900;4,0296502;1,3967201;1,6149700;1,1215400;2,0229900;2,3708200;1,9235200;3,4288299;1,6453300;2,2736599;4,5463200;1,3252800;2,2869501;3,3409500;2,8021400;4,7357898;3,3928499;2,6918800;1,2297500;2,8542399;1,4905300;4,4059300;3,4413700;3,5385699;5,1520000;5,1003799;4,3755798;2,5379701;2,3478200;3,4092300;5,2869201;2,4621699;3,2902000;5,0969200;2,7908599;5,8797102;4,3923702;4,7266102;1,5256400;3,5498300;3,2620399;2,4934800;1,3561300;1,7321700;3,6693399;8,4285097;1,3635100;3,5188100;4,5456100;3,8495200;4,0885401;2,2866499;2,9964700;1,7496400;2,8949499;2,1794801;3,0552001;2,8291700;2,8292000;2,7823300;3,7353799;3,4809301;2,2040100;1,2229199;2,4116299;3,6050401;2,6486399;4,0109401;3,3009601;3,8737199;1,1443000;2,5422201;3,6525199;4,1531301;3,0911200;5,8749900;4,6879802;4,6430302;4,7603402;4,4419899;1,4025400;2,2851200;5,3583298;3,9556501;2,3963101;3,3443201;2,0800099;1,7915699;2,7066200;2,0727701;1,8905400;4,0759001;2,9289801;4,6492200;2,6020200;3,6420300;2,1667399;3,7633801;2,5867500;2,2645500;2,8740599;3,0386500;1,8351901;0,7555480;0,5929920;0,9385250;1,1164700;1,1366301;0,3137540;0,1751830;0,7769030;1,4676200;1,3228600;1,2383699;2,4957199;0,8602330;2,2420399;1,6354500;-0,2089090;3,0276899;-0,1044810;4,7464199;2,1578200;-2,8963101;-8,0004501;0,3408440;1,4521000;-0,1141060;4,7284799;5,6618199;4,4643302;3,6703801;2,6940000;4,1803699;7,1342502;6,0562000;5,2151899;1,7964000;2,4525800;5,2298498;4,9003401;5,9982500;5,9856501;4,1411400;3,2316501;3,0065701;4,2424502;3,4939699;4,5125098;1,5715400;2,4337900;-1,2441900;1,6301301;3,7769301;3,6656799;4,1125898;3,5057299;2,1119101;1,9224000;3,2560201
60190;57908914;428403,200000000011642;5689149,599999999627471;326,7000122;0,0000000;6,2535200;2,5377100;4,0085602;6,3108702;8,3528500;5,0396500;-0,8475880;1,8874000;4,3777199;0,1590090;8,4063101;3,3353701;1,6123199;1,6463300;10,2957001;5,2814999;3,8118601;4,0342798;1,8747600;8,6238699;8,1737804;2,5065801;3,0469000;1,5856400;4,2217598;4,9459901;5,4475498;2,3048501;3,8584001;1,5703200;5,7105198;6,0233302;4,5878801;4,1750798;-2,7225699;1,0542901;0,2201550;-8,0770197;7,1033001;1,8193600;0,7782640;2,8115201;2,4267001;2,5795400;1,3864000;4,8216901;2,5188301;2,2610900;-7,5586700;5,6145101;3,4294200;1,6946800;3,3532600;1,2474200;-0,8773880;2,2421200;3,9796100;2,0232601;2,2790699;1,3155299;0,5739370;1,5381800;3,6808500;-0,1348410;3,0235600;7,1645598;6,2274899;6,1177301;5,4029198;3,0992801;3,5736799;7,9130402;5,5274701;4,8118901;13,8830004;9,0493002;5,9734602;7,4459400;6,6874800;6,9133902;6,0758801;9,1929502;2,9378400;6,0253401;3,6337700;5,4490199;7,9315100;6,9243002;5,5286298;6,1130500;7,5618200;5,7000198;2,1141801;6,9576802;5,5340700;7,8466001;6,8439798;6,7586699;7,7933102;6,7964802;6,3217602;7,9210200;5,3641601;5,4470000;5,4961100;6,1545601;6,9100499;3,3841200;6,4357300;4,4453101;2,3246500;4,5592098;4,8025298;3,4269900;3,6295700;5,6415501;3,9866300;4,6246099;4,3080301;3,6004200;3,6040699;7,0393000;4,5499501;1,6842300;1,2448200;4,0672898;2,7494400;3,1559000;3,5718300;1,1230400;1,0283300;0,8368940;4,1193099;1,0053101;6,6801500;3,5455201;3,0039101;3,6507001;2,6488500;-0,5492000;0,7673300;-0,0795557;3,2667201;2,5106101;3,9313099;3,9900000;-0,3002150;0,4411540;-3,3200500;7,2909799;2,7279601;4,0450301;5,2848902;1,4209000;1,0418100;4,5947800;7,8633599;6,7503500;5,3888102;6,5899301;4,2371402;3,8196900;3,3414099;6,6798701;2,5491300;7,3297300;1,4662900;7,3009601;2,9715600;2,1456001;3,9484000;4,1292400;3,3150201;4,1594200;2,9227800;3,6377599;4,0301199;3,9911900;6,9715700;0,1812950;6,4637799;7,8491402;7,5045800;5,4541302;4,5640402;6,8893700;6,7205801;3,0576301;3,6543801;3,1599700;5,7414298;4,0207701;5,4886999;3,8624699;5,4943399;2,8953800;6,2610202;4,1468000;3,3176999;8,4372301;8,7757902;4,7906299;5,4849300;5,9524698;5,6299701;7,0687499;7,3504500;6,4167399;4,7379198;5,6573200;4,6046801;4,0251799;6,6208100;5,0242801;9,1022797;3,5986900;6,1199698;5,1909299;5,3909702;2,8501599;4,4456902;3,6365099;3,4246900;2,8920000;3,1513300;3,0731299;3,8886499;4,3547001;5,0095301;2,7504101;1,4097400;4,1626701;6,1355901;3,6471701;2,4820900;5,4199901;2,9193299;5,3029699;3,9975801;1,0174700;6,8610601;0,6649720;9,5194798;6,2144399;7,7166400;4,3575802;4,4821000;8,5749102;6,4949799;5,2242298;5,1062198;5,1770902;2,6080699;2,7997899;4,6075802;4,9029899;3,9217100;1,6094500;12,2276001;4,4514799;7,4966602;5,1119499;6,6686802;4,5096302;10,2751999;6,5925899;5,4680800;5,7624402;5,6619902;5,7131701;7,0332699;2,9521799;1,0930400;4,3134599;4,7964702;4,6340799;5,4836402;3,3375499;5,1645398;4,2959499;6,0727701
61009;57909733;428384,200000000011642;5689112,099999999627471;336,5000000;0,0000000;3,2497001;-3,9749401;-0,3566780;1,0500000;0,4871480;3,8539701;5,2385702;5,8726501;2,9510100;5,5053401;3,6198101;3,5704000;5,7258801;2,6753600;4,9340801;3,8946800;4,0195599;0,5648220;6,7556500;-1,8218700;0,8920500;-0,7579500;3,3352301;6,5362902;-0,9676410;0,2819180;0,2498680;4,7437201;1,1224300;1,6920300;2,0070000;-0,3010280;4,5348501;4,1037998;-0,0249615;-0,2654460;0,2626590;-0,1890840;2,1427300;1,0440500;3,0800200;-1,1374000;-1,0566200;0,9541970;1,5098300;2,5781300;1,7236800;3,7268500;1,9263700;-4,3645401;-4,3784699;1,1696900;5,3212600;2,9390099;-1,2871500;0,2031430;1,8907300;0,0637712;0,8683530;1,7255900;1,7563500;3,6631601;4,3729401;1,5561000;3,3086901;3,3991599;5,2605300;3,7792900;2,3644800;2,4051399;3,2674501;4,7759199;4,7238202;3,1500199;4,2884998;6,1436601;1,9187599;1,0527101;6,9231801;2,2151101;5,0040598;3,7684300;-0,7767830;2,0939200;-0,7027970;4,0569701;0,6874230;3,5202601;1,8524400;-0,8225780;3,4492300;1,7175601;1,7697400;2,5613301;2,3063300;2,3485701;3,6379399;3,1398900;-0,0582490;1,0761800;3,2841899;1,1815200;2,4547400;2,4779000;1,0030000;4,2874899;-7,0856400;0,2712760;0,7096760;-0,5030900;4,2470198;-0,7790960;3,1398599;1,6927900;0,3694360;2,6400900;2,0672700;1,9630500;2,2852299;2,3983400;-1,6198800;4,6850700;0,8004860;1,9542900;-0,5714040;3,4215300;7,2771201;1,9815600;3,2824900;3,5527501;2,0532999;2,9520900;-0,5254090;-0,1389210;2,8361700;3,3387401;4,1383400;1,6322000;2,7349701;-0,1288310;2,5363700;-0,8892560;4,5387502;1,3606700;1,6293800;2,0931599;2,0199201;1,0115900;-1,7719400;2,9063900;0,9048810;0,6254470;2,3150301;0,9068620;0,4945110;2,7499599;2,1444299;1,6585400;2,4580600;3,0627100;3,2339499;3,7519000;0,8464490;1,4511700;0,7393020;3,4349899;-12,6679001;2,4498100;0,7317610;2,9502699;0,8036550;0,1103230;0,5515970;0,9640740;-0,4122500;4,2164602;0,3238400;3,7352300;1,7388901;1,6242900;1,9988500;1,7386200;6,4542298;0,4911450;-0,7480300;2,6453400;2,2591801;1,3224601;7,2616501;3,1115799;3,5905900;0,0861158;1,9654599;0,3762560;-0,0568695;0,1517100;4,3947601;2,3449600;3,6996000;2,9614799;3,9532900;0,0142884;-0,7353890;2,7063501;2,3047099;2,0026300;3,6127601;0,8685670;-0,2672860;0,2536720;1,2516800;2,3903899;1,3266799;1,2814200;2,1000600;-0,5440000;0,2278970;1,1486700;1,3158700;2,4251699;0,6927500;-2,7040501;0,6891900;-2,8722899;0,1507760;-1,2821800;-1,6791000;0,6987980;2,2046199;1,5318201;-0,4675070;0,4561070;-1,0591400;2,8086200;1,8625600;1,6616600;0,2456090;0,2989030;2,5765100;-0,7734690;3,6701000;-0,0098576;1,3068700;-0,5584010;1,6027800;1,5839100;0,9196830;0,9388010;-1,2296200;1,5921600;3,0618401;0,9102960;4,5685301;0,7117800;3,8232400;7,0675502;1,0220000;3,2702799;1,0918300;1,4852999;0,6795390;2,5527201;2,0370800;3,9549401;4,8357501;0,6723760;3,1614399;1,5416000;2,2492900;1,8685200;3,0240600;3,6141400;0,2328500;0,7468000;1,5519201;0,1783460;4,5500898;2,0293000;1,7630500;0,7048140;3,1418500
61010;57909734;428378,200000000011642;5689109,799999999813735;335,2000122;0,0000000;3,6116800;-1,0828400;2,3087699;-0,4919860;1,1897700;0,3348020;3,7570100;1,5206800;2,0596600;3,7911000;1,5176400;0,9539910;2,0256000;3,0264699;-0,5419090;1,6804500;-4,1012201;0,3732870;0,9432670;1,2743900;0,5617120;1,2365500;-0,8734930;-1,7039500;0,8901100;-2,6829600;0,6746360;1,2524600;-1,2904600;-0,6946160;2,2221701;0,1910680;1,5102800;-0,8169360;1,8638700;-0,2328930;3,2368200;1,6588200;1,4947000;2,4135499;2,5209100;2,4356999;1,3129900;0,2992550;0,5732310;1,7182400;1,0773400;1,8964601;-2,5103199;-10,4215002;-0,5680640;2,2879300;2,4311700;0,0862324;-0,5997370;3,1023200;-0,0242955;0,3095930;2,3770800;1,8931900;1,7287000;1,9418100;-0,6930820;0,6103070;1,5268199;1,2674900;-0,3427180;-0,2312410;1,6170100;0,9531670;2,7360101;-0,6299030;0,5673930;2,1020701;1,6959100;1,3408300;1,9001499;1,9372900;3,5621400;1,0607899;1,3976400;3,0969501;2,6380301;1,9609900;0,9374760;2,2248001;-0,5666440;3,4171100;1,8620400;1,5049500;3,2007000;-0,2206130;2,3050699;0,2943940;-1,9950200;-1,1989100;0,7550220;0,2738520;-1,4194100;1,0221601;0,9666780;1,3774800;1,2598799;-0,8023250;0,0002305;3,5267100;0,7688490;1,9551899;6,3130698;0,2119490;2,6330299;6,9745102;1,5530200;-3,9280100;-0,7978040;0,8770960;0,2643290;0,0083165;2,3439100;2,2687600;-0,7215490;7,6562700;2,3697400;1,6709400;-1,1599500;1,7146600;-0,3227280;-0,4220110;2,0280800;1,9682900;1,7038100;2,1623800;2,8451099;1,7337400;0,8556040;1,4204500;3,0670199;3,8194599;1,7524900;1,3529000;1,2493401;1,8755400;-0,4334020;1,9093300;-0,3785820;0,8956910;0,8173880;1,2725700;4,8739700;2,5497401;3,8362401;0,5080530;3,8139701;2,6325500;1,2848600;1,1491500;0,2793970;2,4294701;2,3764801;-0,0069905;-1,8087000;0,3816730;0,0818278;-1,0276700;3,1494300;0,5988590;8,7538500;1,0062000;0,9097460;2,1117499;-1,5728400;0,3425700;0,4028480;0,0295011;1,1931601;-1,1613801;0,8056780;0,7720960;0,8187670;1,3667800;-0,1414560;0,9090410;2,6883700;0,2790800;-0,5007840;2,4013801;0,0113037;1,8772300;3,3556299;1,6768100;-1,0177400;-0,6548690;3,6204901;0,9106980;1,7812300;0,9935840;1,9099900;2,2684100;1,5626500;3,2367401;0,9334150;3,4376800;2,3045101;5,9549098;1,8194000;0,6536760;4,7662702;2,5523500;3,4161401;2,4104800;0,0054456;2,0032699;1,1959500;-0,2283440;1,2686200;0,2691920;-2,0348599;2,9871199;1,7743400;5,1431599;0,1756440;-0,0897163;-0,2301130;0,6596970;-0,6397250;-1,4871700;-0,0483148;-1,1924000;-0,6331420;-1,3957100;-0,2015300;1,0435801;-1,3106700;-2,0030401;-0,9239710;0,4932510;-1,1156100;2,0913799;1,0124201;-0,9066610;-0,6225060;0,5982820;0,7906470;0,4169240;-0,7909640;-0,1300290;-1,5546800;0,1391030;-0,6209920;0,1512550;0,9179490;1,1889700;1,4237601;-1,4589000;2,8710201;2,8632200;3,3320000;1,5277600;-0,2613080;-1,0874600;0,7949820;1,8761100;3,3463900;4,1807299;3,1189899;0,7618930;1,5541700;6,8700500;2,2776201;2,6681299;0,5871780;0,4726730;3,2893300;1,7367300;-2,4635201;-2,0352800;-0,3747530;-2,5563500;0,9806350;3,6821401;-1,9014500