OBJECTID;PS_ID;X;Y;Z;date_20150401;date_20150413;date_20150425;date_20150507;date_20150531;date_20150612;date_20150624;date_20150706;date_20150718;date_20150730;date_20150811;date_20150823;date_20150904;date_20150916;date_20151010;date_20151103;date_20151115;date_20151127;date_20151209;date_20151221;date_20160114;date_20160126;date_20160207;date_20160219;date_20160302;date_20160314;date_20160326;date_20160407;date_20160419;date_20160501;date_20160513;date_20160525;date_20160606;date_20160630;date_20160724;date_20160805;date_20160817;date_20160829;date_20160910;date_20160922;date_20160928;date_20161004;date_20161010;date_20161016;date_20161022;date_20161028;date_20161109;date_20161115;date_20161121;date_20161203;date_20161209;date_20161215;date_20161227;date_20170102;date_20170108;date_20170114;date_20170120;date_20170126;date_20170201;date_20170207;date_20170213;date_20170219;date_20170225;date_20170303;date_20170309;date_20170315;date_20170321;date_20170327;date_20170402;date_20170408;date_20170414;date_20170420;date_20170426;date_20170502;date_20170508;date_20170514;date_20170520;date_20170526;date_20170601;date_20170607;date_20170613;date_20170619;date_20170625;date_20170701;date_20170713;date_20170719;date_20170725;date_20170731;date_20170806;date_20170812;date_20170818;date_20170824;date_20170830;date_20170905;date_20170911;date_20170917;date_20170923;date_20170929;date_20171005;date_20171011;date_20171017;date_20171023;date_20171029;date_20171104;date_20171110;date_20171116;date_20171122;date_20171128;date_20171204;date_20171210;date_20171216;date_20171222;date_20171228;date_20180109;date_20180115;date_20180121;date_20180127;date_20180202;date_20180208;date_20180214;date_20180220;date_20180226;date_20180304;date_20180310;date_20180322;date_20180328;date_20180403;date_20180409;date_20180415;date_20180421;date_20180427;date_20180503;date_20180509;date_20180515;date_20180521;date_20180527;date_20180602;date_20180608;date_20180614;date_20180620;date_20180626;date_20180702;date_20180708;date_20180714;date_20180720;date_20180726;date_20180801;date_20180807;date_20180813;date_20180819;date_20180825;date_20180831;date_20180906;date_20180912;date_20180918;date_20180924;date_20180930;date_20181006;date_20181012;date_20181018;date_20181024;date_20181030;date_20181105;date_20181111;date_20181117;date_20181123;date_20181129;date_20181205;date_20181211;date_20181217;date_20181223;date_20181229;date_20190104;date_20190110;date_20190116;date_20190122;date_20190128;date_20190203;date_20190209;date_20190221;date_20190227;date_20190305;date_20190311;date_20190317;date_20190323;date_20190329;date_20190404;date_20190410;date_20190416;date_20190422;date_20190428;date_20190504;date_20190516;date_20190522;date_20190528;date_20190603;date_20190609;date_20190615;date_20190621;date_20190627;date_20190703;date_20190709;date_20190715;date_20190721;date_20190727;date_20190802;date_20190808;date_20190814;date_20190820;date_20190826;date_20190901;date_20190907;date_20190913;date_20190919;date_20190925;date_20191001;date_20191007;date_20191013;date_20191019;date_20191025;date_20191031;date_20191106;date_20191112;date_20191118;date_20191124;date_20191130;date_20191206;date_20191212;date_20191218;date_20191224;date_20191230;date_20200105;date_20200111;date_20200117;date_20200123;date_20200129;date_20200204;date_20200210;date_20200216;date_20200222;date_20200228;date_20200305;date_20200311;date_20200317;date_20200323;date_20200329;date_20200404;date_20200410;date_20200416;date_20200422;date_20200428;date_20200504;date_20200510;date_20200516;date_20200522;date_20200528;date_20200603;date_20200609;date_20200615;date_20200621;date_20200627;date_20200703;date_20200709;date_20200715;date_20200721;date_20200727;date_20200802;date_20200808;date_20200814;date_20200820;date_20200826;date_20200901;date_20200907;date_20200913;date_20200919;date_20200925;date_20201001;date_20201007;date_20201013;date_20201019;date_20201025;date_20201031;date_20201106;date_20201112;date_20201118;date_20201124;date_20201130;date_20201206;date_20201212;date_20201218;date_20201224;date_20201230
280934;55949809;449391,400000000023283;5687541,200000000186265;365,5000000;0,0000000;-2,1143100;2,3054199;-3,8436601;-1,1657200;3,8202701;-8,1773996;-5,2811198;-4,7219901;-5,4162698;-5,6612902;-3,7089100;-6,8281398;-6,1287999;-5,7539201;-3,9661801;-5,7100301;-4,6684299;-2,9090199;6,8087401;-3,4456999;-4,9178901;-4,9056501;-2,6776600;-7,5510702;-8,2406397;-10,1489000;-10,0679998;-8,0273895;-2,6725500;-5,5152202;-6,7344098;-3,7692399;-2,8617699;-5,0682302;-0,7780940;-5,3649402;-5,1293402;-10,3092003;-3,0734701;-4,9067798;-1,8085700;-4,3043098;-5,2736602;-7,1167898;-4,0191398;-10,7360001;-6,2372699;-0,2341920;-2,9440701;-2,1978099;-4,3132501;1,4846700;-4,6404500;-0,3749670;6,4067998;-5,3281698;0,6986190;-5,1035099;-2,6252899;-6,2564998;-4,7708998;-3,7244599;-0,8417090;-0,9888720;-9,6733904;-1,1260200;-4,8068500;-4,4316702;-4,7215900;-6,2903199;-3,4890399;-6,3474302;-3,2553000;-5,4943199;-6,7605300;-7,6673398;-8,6598797;-4,5971799;-6,0786901;-10,3942003;-7,3981900;-7,3030300;-3,6215100;-1,4053500;-1,6791000;-3,1692500;-6,1520100;-6,2131600;-2,4926901;-9,0279503;-0,0198629;-7,7993202;-7,1674900;-9,1316004;-3,4988301;-2,5826499;-11,5663004;-3,3649700;-5,4745302;-8,7800999;-1,1743000;-4,4472799;-4,4609699;4,7662401;-4,7945499;-1,9848400;-5,6997099;-5,7103500;-15,2616997;-6,0664401;-1,1547600;-5,9141202;-4,0139298;1,1862700;-5,6532602;-4,4531698;-2,5571799;-0,0561244;-18,0450993;-5,3787398;-8,4724798;-5,5320201;-3,2006199;-5,4343700;-6,7838302;-0,0723825;-2,7766399;-6,1599302;-9,0311098;-3,9550200;-10,8816004;-10,4270000;-1,1732800;-8,3298903;-5,5673499;0,7146790;3,2056601;-8,9707804;-10,5396004;-3,4916999;-15,6387997;-10,2930002;2,6022699;-3,1271999;-4,2754502;-7,4177799;-9,0731602;-2,0911400;-5,7544198;-7,7893801;-5,1782999;-7,7356100;-3,3598101;-1,1788800;-8,3432102;-5,4664102;-2,2092400;-7,5354700;-4,4471502;9,1202497;-2,3120999;-1,3963701;-2,4674900;-1,8246400;-3,2430999;-2,9649000;-1,9601099;-6,7846699;-5,4377799;-4,4945502;-5,4984498;-5,5178099;-0,5165850;-3,9694700;-7,4678702;-7,0239000;-7,1563802;-8,3891296;-4,6040301;-1,9097000;-4,3815398;-7,5100698;4,6185198;-8,5833502;-5,6822600;-4,8858199;-7,8035498;-6,5155201;-8,2557697;-3,5343800;-0,4304550;-8,9843102;-8,8248100;-2,6085501;-3,0235400;-0,1757220;-11,4327002;-6,0092402;-13,8065996;-2,6803701;-3,5853300;-3,1921101;-5,9293299;-5,8123999;-4,0914798;-0,1660430;-2,2180200;-5,9661198;-5,9204102;-6,6785102;-0,3964730;-1,5665400;-5,5453901;-3,9618299;-1,9308600;1,4048001;-1,3336101;-0,5290070;3,9966400;-5,1481600;-2,1396699;-2,4024401;-10,7535000;-3,5098300;-5,3654799;-3,4084401;-12,2038002;-3,9545801;-4,2631798;-4,6407199;-10,3895998;-6,9413900;-8,2752800;-3,1844201;-5,9495401;-4,3023801;-3,4822199;-6,5566001;-4,3377700;-5,4869399;-5,5216699;-0,3840730;-5,5209599;-1,5705200;-8,0211401;-4,9413500;-6,0540099;-5,4085498;-4,8885899;-4,1635699;-7,1077900;-4,2431598;-6,7659998;-0,7220670;-3,7203901;-4,1957502;-5,8439002;-7,8416400;-4,8474202;-5,9116702;-8,6696196;-2,0893700;-2,0500801;-3,1230900;-7,0585599;-3,4149201;-1,7262100;-12,2784996;-2,9619501;-5,4883900;-8,0698299;-10,7101002;-4,7388201;-7,8983798;-3,9312401;-3,0381501;-1,1663899;-5,0568399;0,6076000;-3,8110199;-2,6877999;-2,2524099;-9,4471502;-7,8356199;-0,2796000;-3,2296000;-0,4000480;-14,5354004;-4,8418298;-3,8844099;-1,6400501
282859;55951734;449510,299999999988358;5687426,700000000186265;332,2999878;0,0000000;-2,9575500;-2,8563099;-1,6578701;-3,6469600;0,3503330;-1,6124901;-2,2504301;-4,1590900;-3,4470501;-5,1099701;-0,8629520;-3,0951700;-2,6848900;-0,5540490;0,0669222;-1,1426700;-0,6145230;0,6342280;2,1044800;-1,1486400;-2,6055100;-4,1323600;-2,9349599;-3,7302001;-1,5295100;-3,1216600;-4,9551401;-4,1907501;-4,3488898;-4,6530099;-4,3993802;-5,5332499;-5,5918598;-4,9734502;-4,1896100;-5,2428298;-4,8351798;-1,8646899;-1,8387901;-2,0717800;-2,3612199;-1,8056000;-1,2073200;-5,8950701;-2,0312700;-3,1797700;-6,4449601;4,5817499;-0,8107330;-2,9078801;-0,7385110;0,3762620;-2,4365900;-2,1104500;4,5057402;-8,5506001;-2,4184799;0,8645440;-3,6263299;-1,4762700;0,4043030;0,4213840;-2,0754800;0,5122600;-0,6234120;-2,3475599;-2,0828500;0,7054740;2,2889500;1,1522200;0,6753160;-0,4182420;-1,9876699;-2,1005499;-1,5269901;-2,4195900;-5,3696899;-0,2952550;-3,7486999;-1,4200000;-6,2108698;-1,7789700;-4,5654402;-1,0128300;-0,1917440;-1,0251100;-2,5256300;-2,1787701;-3,8648901;-4,1377101;-1,1802400;-3,4702799;-3,5786901;-2,2968199;-3,4017100;-0,8156860;-4,5023599;-0,3869010;-1,2637100;-1,0707000;-0,7655470;1,3713100;-1,8636301;-1,6823000;-0,1992780;0,5832450;1,5772700;1,2913600;-2,4490099;-1,1131800;1,6176600;0,8041650;0,0385046;-1,5231800;1,0836400;-4,1388998;-1,6645300;0,0683093;-0,8479030;-1,6592500;-3,1149001;-2,3786700;-0,9042390;-0,2841970;-0,1436920;-1,5357100;-0,6604170;-1,4810100;-5,8186498;-3,9459801;1,6389800;-5,0718198;-1,9558200;-2,4910901;-2,5517600;-6,2389998;-3,4335899;-6,7082901;-2,9342101;-2,3728199;0,2895750;-5,9504499;-6,3950100;-6,0495300;-2,1650400;-2,8152599;-3,1791999;-1,8118300;-2,3348801;-1,2642100;-2,2670500;-3,9772501;-1,9977300;1,8364100;-3,1959701;-3,4724000;2,5423801;2,0197699;0,5821330;-9,1727200;0,3195350;0,3693190;-3,1899900;-1,4450400;2,7426500;-3,7647099;4,3355098;3,8239601;1,1286700;2,4399400;0,8955730;4,8986301;0,6003910;-0,0420839;-1,4504000;1,7683600;1,7407300;0,9473560;0,2625200;-1,5494200;-0,6502910;-2,2029600;-2,4907801;0,6793370;-2,2764699;-2,7330301;-0,8702110;1,7982900;-3,2075100;-6,7509398;-3,4798801;-2,0716600;-2,9718201;-4,5830898;-1,3391800;-0,5932080;-3,1611400;-3,6140699;-3,2360799;-1,4767700;-2,9580100;-1,5886400;-0,9916210;-1,1578701;-1,3591900;-2,4046299;-0,6747300;-5,7034602;-0,9072710;-0,6352220;-0,7042780;-2,9918799;-2,9968901;1,4047101;-1,1536400;-1,5126600;-2,4307301;1,4769500;2,5198500;-2,6724401;8,8146496;1,4189500;1,8985200;11,6688004;1,0676000;-0,0545377;1,8613700;-0,3067810;0,8683270;-0,0066514;0,1015330;-1,8201300;3,1502399;-1,8112900;-2,5401800;0,7974740;4,6162200;0,2305090;0,1228060;-0,7038480;-2,8409300;-0,5056260;-2,5952201;1,1072100;-0,2685560;-1,7697300;1,3032100;-4,2320399;0,5154310;2,2199800;-0,4271600;-8,0929403;-0,6038350;-1,2550400;-1,4898400;-5,4574099;-3,4217000;-3,9560699;-4,0044799;-0,0801886;-1,3406000;-3,4535000;-2,8183501;-4,1518602;-3,2946999;-7,5761600;-4,6055498;-4,9156399;-3,7434800;-2,6785600;-3,9088700;-1,6110600;-4,6570201;-4,4933701;-4,7624302;-1,3713200;-1,0019799;-3,3736601;-3,6605501;-2,8844900;-1,4393400;0,6628200;-0,7508620;-2,5929599;-1,3738400;0,8496640;-0,2598160;1,2016400;0,7699460;-1,5166200;-1,9181800
283911;55952786;449550,500000000000000;5687370,099999999627471;313,7999878;0,0000000;0,1779730;-2,4333899;-0,6129530;2,6536000;0,9297100;0,5130860;-1,6368901;-0,4854570;-1,0872600;-1,8041300;1,1645300;3,2804401;3,0423901;-1,1088300;-2,0831299;-1,1187800;-2,7353699;-2,6958599;-2,7212801;-5,5221500;-3,8229599;-4,2902799;-4,2127099;-4,3984699;-6,0103402;-5,0063601;-4,4966898;-3,8913000;-3,0591300;-6,6283002;-4,8254099;-2,5896800;5,6846099;-4,9169598;-3,0663600;-6,7850800;-3,6687801;-2,6968999;0,3610830;0,6149550;0,4270950;0,0230674;0,5706950;2,0956600;1,4223000;1,5933200;5,3092299;4,0842900;2,1129999;-4,7552400;0,1902200;0,1343230;-0,1270940;4,9819002;4,3858900;0,6224520;-0,4366700;1,1360101;-0,3260240;-0,9498970;1,1038100;1,7124500;-2,9056001;2,9419701;3,2835801;8,6027298;1,1072800;2,0087500;-0,3513110;-0,4567150;7,4422202;0,9478920;2,7962799;2,2581201;2,1542900;-1,9398800;1,1310600;0,9528080;4,5704002;7,3969498;4,7733898;3,4593999;6,3860402;6,1881099;8,5774403;-4,0415502;1,1479100;2,2578299;3,4049001;2,3917000;3,6940300;4,3765602;3,8846800;-2,1248200;2,6481600;1,1830500;-6,5470600;-1,8023100;-0,2021770;2,5200500;2,0292699;0,8302400;0,4552090;2,6717000;2,2144101;8,6994801;1,0597600;0,2529880;2,1593499;1,1517700;2,4705801;1,7701300;2,6944799;2,3947599;0,1947720;0,7442950;1,1887800;0,8791320;1,5625800;-0,8848400;-0,3852250;-0,6827040;-0,8287930;-1,8338900;-7,6182799;-8,1692104;3,9718599;-0,4107410;-1,7240100;-2,0963099;-0,3336260;-1,1177400;1,6911900;-2,4833100;-2,2528000;1,2199000;1,1001199;1,4678200;-1,9396501;-1,8627900;0,5892970;-0,2454710;-1,3113600;7,0529499;-3,8115900;-0,0778404;-2,0566499;1,2746500;1,3375700;1,6282700;0,5920380;2,4763701;0,8947660;1,1347700;3,9438000;3,3968699;2,1977501;0,1734250;2,0833299;2,7338200;7,3806601;-1,4810200;0,9820360;1,9196301;1,6792600;5,6284499;1,6243900;3,1687400;4,6994600;3,1703601;1,6359200;1,3494500;-3,3484399;-1,0054300;1,2095500;0,1786550;0,0638069;1,0560900;1,3143300;0,6672240;1,1853300;0,2066980;0,0383145;1,6666300;1,7069401;-0,9814610;2,4621201;0,9864470;-2,2702899;-0,8065830;-0,9567200;-13,3604002;3,6033199;3,5097799;-4,6416502;-0,3902760;1,0063200;-0,0531042;0,8525240;1,9336200;2,0491099;0,6752850;-0,4741130;-3,6367300;1,8627400;-1,8013000;0,7467100;0,7743270;1,0980800;0,7171170;0,6377040;-2,8431399;-0,8345900;3,0326800;0,6404760;-0,1974720;1,1653100;-0,3938750;-0,5786170;1,1342800;2,4580300;3,6248801;1,2861800;-0,2325860;1,9756700;5,0100498;1,5499500;1,7103500;2,6174099;-0,5687120;2,1018901;1,2882500;-5,9432902;0,5015290;1,4368500;2,3878000;1,2037700;0,4026490;1,3218600;1,0153700;0,3086290;-0,3562190;1,0194700;0,2620800;0,9458520;-2,6758599;-0,9032740;-0,7160270;-3,7713301;1,2404300;-0,6091330;-0,7057700;-0,7702120;-1,2769600;-0,2107040;-0,5390920;2,1667399;0,5193610;-1,8447500;-0,3613150;7,9965100;-0,2235020;0,7336110;-2,9565401;2,6392601;-1,6378000;-0,9239610;-2,4157901;-0,1062740;1,8352200;1,6287100;-2,3533599;-0,0528873;1,1068200;0,2208320;6,0142298;1,4383000;8,5367603;2,5978301;-3,3109500;-0,9469810;2,8217199;-3,0236900;4,5965199;-0,8688970;1,7281400;3,6933501;0,9382640;4,2354798;3,0952599;4,0367198
284980;55953855;449556,799999999988358;5687318,700000000186265;314,7999878;0,0000000;-0,9615260;-1,6067300;-2,4596400;-1,0509700;-1,4337699;-0,6936480;-1,3259799;-2,2912500;-0,3625110;-1,7053100;0,1201560;1,6694400;-0,2333540;0,0141351;3,9613700;-0,2526140;-0,5046370;-1,0505800;0,8237740;1,0515800;-0,9100080;-0,8189990;1,3178999;-1,2442600;0,3970430;-0,2870980;-0,3669460;-0,6455400;-1,6322401;-1,3312000;0,3028030;-2,2829499;-2,3101201;-0,3969660;2,0628500;0,1629500;-0,7875880;1,3136801;3,7013700;3,8871000;4,1467299;5,1639400;5,6117201;3,2566299;5,2586002;3,4522099;4,0490098;3,8118899;4,6631799;2,3959200;3,3367300;2,9024799;4,2228398;1,2879699;6,7080202;1,8351901;2,6053901;3,1857800;2,5321701;2,5243499;3,5712500;2,6351700;3,6082201;2,7933900;3,0665300;2,4817801;3,1841300;3,2818699;2,9173100;2,6254399;3,7738500;3,5569201;2,5755100;2,2905200;3,5788701;2,4196601;3,1071501;1,9507300;4,4123001;3,7943001;1,2299600;3,8790600;4,6183500;1,4827000;3,0455599;2,2460101;2,5694001;2,0822899;1,8051701;2,5348899;2,5707800;3,7464499;4,1741400;1,3479600;2,3818400;2,5824399;2,1393600;2,9951401;2,2739201;3,5548301;2,2229500;2,6866601;2,3656099;2,7156401;2,2723200;2,6492500;2,8623700;3,0172901;4,5774002;4,2291198;3,8466599;4,5642600;4,2701702;3,8029599;1,1294700;3,4550900;4,0116701;3,2569599;3,2988701;0,8744280;1,0312901;1,8707200;2,3652899;2,2060001;2,1778400;1,5644600;1,2378700;1,1561000;1,5581400;2,1695199;2,4612501;2,6515200;2,8934200;2,3086300;2,2888501;0,9282340;3,3940201;3,4402599;3,0948200;5,5860400;3,6199601;2,7784700;2,6879799;2,5180800;1,0869000;1,8130500;1,7564100;2,1234100;2,6039400;1,5836200;2,0403399;2,1075201;2,5649600;1,6957300;2,2487900;3,9725201;2,8787200;3,5248201;3,8483100;3,9675200;3,5083499;4,3269200;3,8107500;3,1729600;3,9152400;2,3448400;3,3820400;3,7974899;3,4927101;3,7474401;3,4766800;3,3085699;3,0934401;2,4581399;2,5366001;1,9307500;3,6867900;3,8413899;2,5205400;1,7888000;1,6256900;3,6453900;3,5375099;1,8980200;1,0789100;2,8377500;2,6463599;2,2919900;2,7576699;2,5177300;1,3971400;3,1488299;0,3160450;1,9717700;3,0355599;2,0347800;1,3613000;1,7110900;1,7405300;1,5953400;2,7478600;1,6941299;0,6892810;3,3882301;2,7479999;2,0144701;3,1252401;2,6703999;1,2783999;3,4041100;1,9340700;2,2053399;2,9053099;1,4355900;1,5069900;2,5049000;2,5729899;2,9221399;3,0074601;3,3385301;3,1251199;4,0911198;2,9525599;3,2155700;1,8711700;3,4984701;3,6168399;4,4100599;4,6742201;3,1313300;3,5566700;5,4408102;3,5762801;3,6930001;3,6147699;4,3845601;5,2894902;2,7147300;4,3259101;1,4773099;3,9198799;3,0151401;2,6273100;3,9663200;2,8636799;3,4512401;3,4650700;2,6725099;4,2458901;3,2717099;1,8701800;1,9809600;2,8223100;2,3901200;1,7886500;2,7551200;2,1034200;0,2283920;3,2496901;-0,2350070;0,7927580;0,6583990;1,2945700;2,4376800;2,7796800;-0,2542210;2,4775600;1,5002600;1,2462500;4,0200100;3,1290300;3,3475599;2,5980201;4,3603001;2,2395301;2,8154900;2,0404201;4,5920801;3,4693401;2,1842599;2,9458399;2,8932600;3,4676399;2,9547901;2,4050400;4,7193499;5,0767999;5,9164901;6,6485701;4,8130798;5,5985899
285186;55954061;449566,700000000011642;5687308,799999999813735;316,2000122;0,0000000;0,8610720;-1,7943200;-1,3222200;-4,1306100;-3,5647299;-1,9378901;-5,2941198;-0,3410410;-0,2829830;1,4620900;-2,6672299;-1,4724000;-0,8356130;3,8593500;-0,2420920;-1,9927400;-0,2187460;0,1562000;-0,5443480;1,2416700;-0,0145590;2,0256901;2,9770801;-0,7558050;0,9457140;-0,8437490;1,1233200;1,5237900;-0,1664980;2,1522701;-0,3440130;-0,8207970;-0,4119770;-2,1278801;-1,2029901;-1,3385800;-2,7563701;-1,3084400;-0,3552340;0,9993570;-0,6745850;0,8406890;-0,6322990;-0,4680990;0,4521190;0,2023810;-0,5931210;-0,3253450;0,1004860;-1,4295400;-0,8912090;0,3686820;-0,4766540;-1,2709800;3,3300800;1,1303800;7,3234401;1,9009200;0,1508240;0,5285440;-1,5969501;0,3321910;0,1408090;-2,3361299;-1,0601500;-2,9347799;0,2772250;-3,8031001;-1,1610500;-0,7196980;-0,9037010;-0,5174390;-4,6447501;-1,2724400;-0,5437250;-1,3050200;-1,6600800;-2,2586200;-3,1225700;0,4292660;-1,4560601;-0,9845080;-1,4628500;-2,1758001;-1,9554200;-1,6067899;0,3542600;-0,8064120;-1,5980300;-3,3136799;-0,0973153;-0,8754640;-0,4977120;-1,6802200;0,1343540;1,3903800;-0,1933230;-0,9648080;0,1894670;0,6015800;0,6572270;0,6489230;1,8980300;1,2615900;0,3158030;0,4900240;1,1150100;3,8329101;0,9265030;0,8514980;1,1192100;-0,3175890;0,4620380;1,2921300;-0,2561260;0,6741860;2,0676601;1,6491700;2,6344800;1,7292300;-0,3147660;0,6614000;-2,3684299;-0,7745550;-0,1587310;-1,9109700;-0,6475890;-2,0726399;0,0775943;-0,6366610;0,7015400;-0,8141330;-0,2316800;-0,1104690;-0,6618870;-1,2357900;-0,6458850;1,5087200;-0,0144267;-0,3807170;-0,4431890;2,2445199;1,3256500;0,8553060;1,8616600;0,5317980;-0,0728051;0,6015110;-0,2728460;0,7845910;1,2062300;1,5221100;-0,0980291;-0,0349085;1,4762900;1,0762100;1,2522900;0,4117650;1,7459100;-1,0337600;-0,7138870;1,1244700;0,0863619;1,0914299;1,2402600;0,2100120;2,5540199;0,5286500;-0,6514960;-1,0331800;-0,8443940;0,0723095;0,3750110;-0,0827137;-0,3250170;1,2538800;0,5515210;0,3326890;-0,4056500;1,1429900;-0,3010280;-1,7130899;-0,5614330;1,7812500;1,0683600;0,2032190;2,1621599;2,0613000;-0,2631660;-0,5511700;-1,1518400;-0,3038800;0,3803140;1,2089200;0,1163020;-0,8289340;-0,3435670;0,1455990;-2,4306300;-1,7994000;0,2033070;-0,2295380;-0,7787030;0,5326850;0,3888590;1,0658500;1,9906200;0,3076740;0,9355500;0,5679260;-0,0037729;0,4617070;3,2800200;0,1162550;1,4493500;0,9806240;1,8364300;0,7552590;0,5110740;2,4213300;0,6531550;1,8927799;0,7910460;1,1187900;1,3952700;1,1483700;1,2959599;2,8005900;1,9185100;1,2932700;1,4154500;1,0332500;2,5917201;0,0213515;-0,0456401;0,7787640;2,4544899;0,1207380;2,4628000;0,2639500;1,0846900;0,5477000;-0,4273970;1,8555800;0,5234790;0,4913200;0,5584700;0,2493350;-0,1916030;0,1452920;0,5280720;0,9449640;-0,8250270;0,0462628;-0,5231330;0,4034930;1,9940600;-1,7428600;0,3518950;-0,9198020;-0,8319480;-0,6939630;0,6657180;0,8063570;1,2816401;-0,5646600;1,5172499;0,6959960;0,6796360;0,6186270;0,9536850;1,9116700;2,1517999;3,5547099;-0,1153130;0,3040430;-0,8620970;0,9368940;1,4740300;2,4486799;-1,3503600;3,3431499;-0,7319530;2,0592101;1,7677200;1,8490400;3,2063601;2,5437000;2,7178199;4,8001199;2,1575999
285431;55954306;449473,299999999988358;5687311,900000000372529;353,0000000;0,0000000;-5,9946899;1,8879499;-3,4008200;-1,5300500;-19,6795998;-6,4159498;-5,7273302;-3,2855999;-6,8857098;-10,1374998;-3,4108200;-2,1321299;-16,7110004;-6,0776801;-4,0406699;-6,3235402;-0,2791150;-2,3991699;-0,1345960;-6,0022001;-3,9229901;-5,3734498;-4,1345701;-8,8952999;-4,9317498;-7,3448501;-8,5864000;-7,8688002;-4,3765502;-4,8372002;-3,1400199;-5,3706298;-6,6835999;-5,3037200;-7,4286799;-4,2465901;-11,4393997;-10,1929998;-1,7189400;-5,4267201;-4,4975200;-4,1447201;-5,7193198;-7,2555699;-5,6224799;-8,7162704;-7,8345199;-9,1674604;-4,2692599;-7,0049601;-7,6606002;-7,3653698;-5,0603299;-8,2955303;-4,0601602;-0,3209470;1,9768600;-8,3590698;-3,5491500;-9,3689899;-12,0754004;-8,8163605;-10,2896004;-0,1751020;-5,3573799;-4,1919799;-6,7459002;-5,1555300;-7,2992601;-7,7984800;-5,1568999;-7,2203698;-8,9303999;-6,0880899;-3,2781501;-7,5845499;-7,0495501;-4,6389499;-7,3244500;-6,1390400;-7,2346601;-5,5972400;-7,7042398;-18,8288002;-10,0240002;-14,7777996;-3,2910099;-10,9322996;-16,8087006;-15,5616999;-3,7808599;-12,9330997;-10,2296000;-2,3840301;-5,6307201;-9,2185802;-7,6608500;-6,3814802;1,4211200;0,7577660;-3,8151500;-6,0847802;-1,4664800;-7,3272700;-6,8136802;-7,0214200;-9,1279297;-14,8936996;-16,4298992;-10,1511002;-10,0888004;-11,9589996;-8,2414598;-10,4825001;-12,8334999;-10,4441004;-11,6164999;-5,8791299;-3,1372001;-4,9170899;-1,5434999;2,8032401;-8,5878000;-4,5780401;-11,3587999;-8,1189299;-8,6146297;-14,5427999;-12,8318005;-13,0613003;-8,4355297;-8,2931404;-5,8607998;-9,6491003;-7,0287600;-9,5954704;-8,8221102;-9,4935198;-5,3561702;-10,6732998;-6,4138799;-6,3784499;-3,8209500;-4,0405302;-4,7865801;-5,2461300;-5,1613698;-7,2802401;-4,5523000;-12,2180996;-5,2355599;-5,3732100;-3,6886301;-5,0583100;4,7052002;-4,1933899;-3,5792999;-6,0055799;-5,2501898;-12,4049997;-8,6812496;-5,5262499;-11,1759005;-4,5363302;-3,7848101;-4,7811198;1,5408500;-5,3997102;-0,7612280;4,5313401;-1,6249200;-1,9325800;1,4820400;-3,9664600;6,9601002;-7,2256498;-4,9534998;-9,0920401;-5,9867301;-1,7267500;-4,4791999;-8,1328201;-5,2725801;-3,2832601;-3,4694400;-7,3224802;-5,6163101;-4,9122400;-6,1773601;-3,7939701;-8,1851501;-5,5623798;-7,0851202;-4,5978398;-6,8983002;-7,8669901;-9,7588301;-7,2380500;-6,0004201;-7,8549600;-4,6178002;-8,0555096;-7,5268002;-5,2651100;-5,1695800;-3,8882301;-8,4465599;-4,1946201;-5,4222398;-5,5944300;-1,2523600;-2,8102801;-2,0058300;-4,6627798;-8,9083300;-3,2530999;-7,7135601;0,9064670;3,8472300;-7,1617198;-8,5722704;-10,4084997;-8,0098305;-5,7899399;-9,7531300;-8,7798100;-11,1854000;-9,0444698;-10,3219004;-8,8858995;-7,8452201;-8,6032104;-7,9593701;-8,1622601;-12,0130997;-11,7538004;-11,7735004;-0,9073130;-0,3260650;-12,3105001;-19,2224007;-0,9049630;-2,6771200;-2,2412400;-2,5709000;-3,3610301;-3,0181701;-3,6649699;-6,3796701;-6,8513598;-4,1843100;-5,5738101;-3,4287901;-4,8804002;-5,4094300;-7,7213001;-4,6323900;-9,0863895;-6,0402198;-5,8712602;-9,6297998;-11,6063004;-11,7988005;-7,6369801;-7,5610800;-5,0099802;-4,7823901;-4,7442198;-6,9510498;-5,5586801;-5,7337098;-3,5273499;-5,6445899;-3,5418799;-6,6991000;-5,3850999;-7,8325701;-2,0525999;-4,0896902;-5,4032798;-7,3099399;-6,1106400;-6,5917101;-5,5592399;-8,0901098;0,3356730;-7,1956201;-3,9912701;-4,5441298;-3,9434099;-1,9865299
286223;55955098;449527,500000000000000;5687258,700000000186265;341,0000000;0,0000000;-1,0664700;1,2993100;1,7259901;4,3205299;3,4576900;0,6453260;1,1939800;2,1111600;2,0941701;-0,2871550;2,4025700;2,0579500;0,0245819;0,1507650;1,7503500;0,3177510;0,9081650;-11,5377998;-9,7873001;-9,2496996;-8,6250896;-10,1926003;-9,6615400;-8,9591599;-8,9901695;-10,4040003;-10,5445995;-7,5974798;-7,4734702;-2,2101901;-5,9711399;-3,8385899;-6,1771202;-6,0593100;-6,5612202;-4,9928899;-4,8508201;-5,7173800;-5,6685700;-4,3854299;-6,9556699;-7,4394498;-4,3646002;-8,1459904;-9,8942804;-11,7445002;-9,2343903;-10,4558001;-11,2686996;-12,0960999;-8,8417797;-9,5354996;-11,5079002;-5,6316900;-9,8921604;-13,6700001;-12,5567999;-11,9638004;-10,1445999;-8,9578400;-7,6690001;-9,9713202;-9,7155104;-9,6533298;-10,9320002;-9,2524405;-10,7728004;-11,2040997;-11,5276003;-11,0036001;-11,1545000;-9,2446604;-11,5716000;-13,6850004;-11,4268999;-6,8477101;-7,2947602;-6,2307000;-7,6876101;-5,7696700;-6,9100900;-6,3083100;-5,6614900;-4,8239198;-6,4366899;-6,8502598;-5,8813400;-6,3078599;-6,9923401;-6,1142402;-8,0916595;-5,8725200;-5,4831700;-6,6095200;-4,5701499;-4,5848498;-4,5917802;-6,6844101;-5,3778100;-8,1596699;-9,4562101;-9,8106098;-9,9816198;-9,1324501;-9,9371996;-11,2515001;-9,8021097;-10,9288998;-9,1734800;-10,4243002;-10,7398005;-10,7002001;-9,1650896;-10,3815002;-9,6429996;-8,1611404;-10,4851999;-10,6006002;-12,7860003;-13,9594002;-13,6421003;-11,2195997;-10,0290003;-10,1128998;-9,8062696;-10,3168001;-8,7945700;-11,6489000;-9,1430502;-7,7733402;-6,1851401;-5,9417500;-6,9454999;-7,0124798;-7,5376201;-6,3018498;-7,5341101;-7,9356699;-8,7766504;-8,0094500;-8,4137297;-9,4323797;-8,5478697;-8,8940697;-8,8397398;-9,6248302;-8,1072903;-9,8351202;-7,7824202;-6,7467198;-6,1936898;-7,8898201;-7,3724198;-6,8889098;-7,7388101;-7,2216702;-7,2704000;-7,7534800;-9,0942698;-7,7440300;-9,1124096;-10,3775997;-11,3416996;-10,0448999;-11,9839001;-11,8106003;-9,4214296;-10,5607004;-9,9433804;-9,5127897;-8,8564901;-7,5861502;-9,2511501;-10,5979004;-14,2929001;-9,3164997;-9,5436401;-12,3156004;-10,2698002;-10,7634001;-9,5329905;-11,0065002;-9,0129995;-10,4203997;-9,8721199;-11,0741997;-11,4177999;-9,4916296;-10,2254000;-8,2731600;-10,7075996;-9,3717804;-6,6497002;-7,8326001;-9,5310202;-8,3245802;-10,9629002;-9,9162397;-9,7492905;-8,1730404;-8,5877895;-8,6879301;-7,7382698;-9,8723602;-9,3120499;-9,9248695;-8,0646496;-9,1643896;-8,5819597;-8,4834003;-9,0331497;-8,3361702;-7,0850501;-8,5408001;-9,5233202;-9,0911303;-7,7629299;-8,7315102;-8,3797998;-9,2107801;-9,3424196;-11,1323004;-8,9074602;-10,0187998;-10,1526003;-9,7308102;-10,8205004;-9,4666700;-11,7510004;-10,3021002;-11,4034004;-9,8435497;-11,2844000;-9,6624603;-9,5864801;-11,0277996;-12,0228004;-12,5254002;-9,9996099;-11,2695999;-11,3065996;-10,8973999;-12,4507999;-10,5326996;-10,2749004;-11,0790997;-10,7222996;-10,1015997;-10,2241001;-9,2090397;-10,7156000;-8,6644897;-9,7939901;-9,8262901;-11,1583996;-10,3607998;-9,2003698;-13,2511997;-11,2391005;-10,3744001;-9,8996096;-8,8080101;-12,0118999;-8,6939602;-8,0424805;-11,4260998;-10,4792004;-11,5282001;-10,8240995;-7,6158700;-9,8896599;-8,0767698;-8,8869600;-6,9958601;-12,4645004;-9,3945999;-10,4249001;-9,1190100;-10,6863003;-11,1938000;-11,4357004;-9,4988804;-8,8045597;-9,4579096;-11,0495005;-8,8511600;-9,5510597;-8,9885798;-9,8751698;-10,1464005;-9,0091400
286442;55955317;449446,500000000000000;5687262,400000000372529;369,1000061;0,0000000;-0,1298650;-0,3673420;-1,0707300;-0,3089380;0,0224926;-1,3399700;0,3786770;0,9546310;-0,4426480;-0,0985538;0,8715600;0,3744490;1,2114600;0,8933400;0,7285740;1,2805300;1,6589900;1,2093800;2,0516701;-0,8937340;0,1437910;-1,4276900;-0,2121650;0,3650310;0,4710980;0,2840420;-0,2552440;0,3931760;-0,3195110;-0,1464400;-0,7033630;-0,1536890;1,0907900;2,6734800;0,2449740;0,8583920;0,7470840;0,8211530;0,4050500;0,3827820;1,2688100;0,6562990;1,7289100;1,6561300;1,4106700;0,7791580;2,0434501;1,6523000;1,9300500;1,6371200;2,6184001;0,5214710;1,6953400;2,2694700;2,9530900;2,8128200;-5,2137799;1,3459400;-0,3895670;0,3443810;0,3825480;0,1754430;0,0476340;1,8004800;0,2999960;-0,4777300;-0,5161840;1,9373500;-0,7604320;-0,5750610;-0,1244630;-0,2301040;1,1646399;-0,1497080;-0,6583530;-0,2763770;0,1130700;0,5165230;1,4243100;-0,0406398;-0,4110920;1,0096300;1,1424201;-0,4038510;0,6221330;1,3087100;0,6296120;0,1566130;1,9343899;2,1125700;-1,3485900;-0,0107108;1,3089200;1,7408299;0,8712030;1,2799000;0,9841630;1,5681100;1,3847899;0,7283780;1,8594400;1,3008800;0,7047080;0,9499310;0,2483120;1,3091400;0,7598800;0,6052590;1,8268600;0,1668580;1,4805800;1,1091599;0,8610610;0,9423560;1,8794700;0,2395190;1,2905300;0,0609502;2,9085400;0,0448930;0,5148110;1,5748301;0,7121360;0,3494730;1,0817200;1,8058200;-0,0136822;1,9631200;0,2307330;-0,6610160;0,8336360;0,1816040;-0,1090960;0,3590740;1,2746800;1,8918000;0,4695230;0,3968380;-0,0672083;-0,0653759;-0,1450790;0,2976780;0,1936230;0,4000000;0,8700650;1,1140300;-0,0293159;0,3272760;1,2078900;1,4264500;0,7603990;1,4425700;1,4396400;1,1599300;0,1889410;2,0403399;0,8859310;1,9328800;0,8566100;3,2535701;2,5338500;1,3701400;2,3168199;1,8390000;0,8824840;2,2067001;1,6629000;2,3334401;2,6730700;2,2553799;2,5402200;2,4918001;1,5315000;1,0478899;2,9302199;1,0855000;5,0358300;1,4288300;0,8533520;-0,1365200;0,5242240;0,5495330;0,1259920;-0,0353914;0,7546730;0,5183440;-0,3474250;-0,7619540;-0,7121290;0,3301940;0,6862190;0,4657470;1,3322400;0,2603070;-0,0698601;1,4078400;0,1985190;1,0238301;0,4324060;1,4670600;-0,7423550;1,0078300;1,0382600;0,4638980;0,3233860;0,9101060;1,5072900;1,2468100;1,9436500;0,8714060;2,0407200;1,8838000;2,0351901;2,3184500;2,3484399;1,4780300;1,2126400;0,7388040;1,1899700;1,6489300;2,2311101;1,8049200;2,3969200;1,7062000;2,6313901;1,4538701;2,7769101;2,4221799;1,9499800;2,1888399;2,0018799;1,3859800;0,4504410;2,1505799;1,9614800;1,5165800;0,4853070;1,9506400;0,3734660;1,9643700;0,5617120;1,1240500;1,4239100;0,5135390;0,1530070;0,5684550;0,4967590;0,7254590;0,2000210;1,3523800;0,8550690;0,3004480;0,7537000;1,4459300;0,3399420;-0,0934573;0,6069350;0,0325891;1,2001700;0,8069530;0,7914180;1,0826401;1,1095600;1,6501800;1,5864900;1,6094700;0,5861170;2,0625401;-8,2467299;14,6679001;4,8922701;9,5287905;7,6482000;-0,6174150;-1,3233800;0,9596730;1,4195100;-0,4606860;2,7381599;3,0948400;5,9730501;3,3955300;1,9187700;0,5492390;7,0783801;-2,7009799;-3,2158501;-4,3298502;-3,4547300;-3,6010301;-2,9940000
286654;55955529;449436,099999999976717;5687261,500000000000000;363,8999939;0,0000000;-8,8144903;-6,9157500;-5,1492701;-8,4932899;-6,7862101;-10,1590004;-16,4290009;-4,1323199;-4,2857099;-9,9732103;-3,9173000;-9,1641197;-9,0359602;-4,8995800;-7,9388099;-5,8198600;-4,8889699;-7,1073399;-6,2185402;-6,8892498;-5,3845301;-5,5504298;-7,5271802;-7,3119998;-5,2601600;-7,9482498;-8,9286098;-8,7234297;-8,9359999;-7,3981099;-6,3897901;-5,4804602;-7,2367401;-5,9539299;-9,3703699;-8,1828604;-6,9338698;-5,9735999;-3,2465401;-5,5861902;-2,8509700;-5,7771201;-3,3943701;-7,3915701;-3,2586901;-5,8873601;-5,4694700;-5,7029300;-6,4093299;-9,6158304;-4,0844598;-0,8270900;-6,2991300;0,1469570;-2,5581000;-7,3592801;-14,0516005;-5,4965501;-4,5933800;-5,0825000;-6,0215702;-8,7372904;-6,2480202;-7,4455800;-5,1271400;-8,4264898;-8,0713797;-10,6057997;-10,9420996;-12,0537996;-6,6029701;-6,5103698;-10,7089005;-7,6917801;-12,8233995;-12,9850998;-6,1000099;-5,0405898;-6,3280401;-6,8964801;-6,8390002;-10,0550003;-8,3536396;-6,7465100;-1,4336300;-2,8409300;-5,5580301;-8,5853996;-7,3246102;-10,2320004;-9,0719500;-6,2804198;-8,3843098;-7,0723000;-8,3984499;-5,8487501;-3,5648701;-7,7541099;-6,5878301;-6,3204799;-8,6373701;-3,6141000;-5,6633501;-7,4007602;-8,6226797;-4,2169499;-6,9201598;-8,3633499;-4,9741302;-5,9056501;-4,7435298;-5,0184102;-6,3517599;-5,3713198;-6,6943898;-8,1648397;-5,2243099;-4,9804802;-1,9742000;-5,0911398;-5,1625299;-7,3004599;-10,2107000;-9,6621504;-5,3280802;-10,1094999;-5,5185699;-8,0533800;-10,4573002;-6,6909299;-5,8533301;-5,0713201;-6,3587198;-4,5384898;-4,4773402;-7,3361602;-7,8468499;-5,8662701;-10,8573999;-10,2369003;-6,3429298;-8,5446796;-6,2285800;-11,5696001;-5,8692298;-7,8716898;-5,5381899;-8,8076696;-9,3831902;-8,2472095;-4,3203902;-4,6547999;-6,9748902;-4,0922699;-5,6099100;-4,6143098;-6,1339402;-6,4290500;-5,2371001;-5,6454601;-7,2675500;-4,6936102;-8,2887602;-5,2353802;-3,9298100;-4,0726900;-3,7687299;-3,5606699;-3,9326601;-4,9198799;-5,8505802;-2,4751401;-4,9964299;-5,6951599;-9,2533102;-3,7022400;-4,6678600;-7,8287401;-2,6386499;-4,1933198;-6,1200700;-7,8116298;-5,7566099;-7,6230898;-2,0217400;-7,9782300;-12,5889997;-7,7648802;-6,5706601;-4,9250002;-11,9272003;-6,5860500;-9,0628300;-9,3060303;-7,5933599;-5,9262400;-6,9815202;-8,1492004;-5,9700699;-4,3573999;-9,1233797;-5,0261998;-6,7484698;-7,8111901;-7,6232901;-7,1705098;-8,2211800;-11,4466000;-4,4294200;-5,3892999;-7,2823400;-6,3077002;-4,1612301;-5,1329398;-7,4169402;-5,9071398;-5,2462902;-4,5244699;-2,7921801;-5,3669100;-4,0896802;-6,6076698;-5,8526101;-5,0275302;-6,2521901;-6,0976100;-5,8839202;-5,6709099;-5,2722602;-6,8425999;-7,5915799;-7,8296499;-6,3691101;-4,2988300;-8,1467199;-6,3159499;-8,9067097;-4,4895000;-2,5815401;-4,3354502;-5,2462101;-7,2247400;-7,2389998;-7,5744801;-6,0063200;-4,0654101;-4,6769300;-5,1254902;-6,1985798;-0,9822900;-6,7117100;-6,1090498;-6,4365702;-4,9372702;-5,7408199;-11,0810003;-8,1505499;-9,8268003;-9,0575895;-11,5070000;-8,4380198;-7,6900902;-9,4947901;-6,1384201;-4,8248901;-8,5772800;-7,6164398;-14,8135004;-5,3802099;-2,8499100;0,3854620;-4,7592001;1,4121400;-0,2398430;-5,6981101;3,1422501;-10,9750004;-8,4324703;0,6843090;-2,3939600;-3,9550900;-7,3178601;-1,7176300;-6,5109000;-1,9774801;-9,1745005;-10,6268997;-8,3577995;-12,1051998;-9,7870903;-10,7681999
286857;55955732;449453,200000000011642;5687238,299999999813735;369,2000122;0,0000000;-0,4986930;-0,7622930;-0,2181100;-0,4893100;-0,2091570;-1,9809800;-0,5643530;0,1707380;-0,3620890;-0,7538710;0,8290100;-0,2832780;0,1270310;1,1471400;-0,4244310;0,7383480;1,1941299;0,9314840;0,5822000;-0,1867040;0,6423720;-1,5790499;-0,9629280;-0,2611420;-1,2428000;0,4216060;-0,1560000;-0,9355410;-0,7321820;-0,9966230;-1,9753000;-1,7841800;0,3121140;1,8780900;-0,4910160;0,2572530;0,3037360;0,2852590;-0,7028130;-1,0246500;0,4588000;0,0421104;-0,4300840;0,3986700;-0,1356130;0,6834430;0,4209170;1,1674401;1,5605900;1,5621700;1,6906000;1,1865500;2,1803701;2,2798800;-7,6907701;-3,5802600;-1,1659100;1,3914400;1,1302600;0,9777320;0,2965830;0,2003050;1,3019900;0,4888590;0,9597060;0,1422130;-0,2984000;-0,2977500;-0,3244010;-1,2136101;0,0914812;-0,7629590;0,1463970;-1,1537200;-1,2315100;-0,0799952;0,2715190;0,0649090;-0,0367275;-0,2831820;0,3242360;0,3395420;0,5183580;-0,2742470;0,8428610;0,2773100;0,5372800;0,7830810;0,2825890;0,6922670;-2,4686501;0,0318269;0,8695700;1,5885400;1,0417800;1,3370600;0,9040420;1,2529100;1,3413399;0,8316530;1,4020000;0,9892880;0,5362020;0,9626890;1,4377400;0,6749420;0,5571690;-0,2041240;0,9015780;1,2720200;1,0888600;0,8300170;0,5878620;0,5369370;0,2753270;0,9299720;0,4703130;0,7204300;1,7367100;0,6046200;1,9184800;0,8203900;-1,2744100;0,7162720;0,0274286;0,3303700;0,2571450;-0,3922940;-0,4745960;-1,0262600;0,9085600;0,5029650;1,3458101;0,2489850;1,8054100;0,4738130;0,2512870;-0,4077370;-0,1060410;-0,2248860;-0,0299901;0,7670600;0,7097700;0,6642550;1,3935900;-0,3313320;0,7144640;1,0443900;0,4369060;0,7535450;1,7251800;1,0231301;0,8772690;1,6033800;2,3924401;1,8398401;1,7177401;1,8154300;1,3848799;2,4184501;1,6667000;2,1093900;1,9048300;2,6938801;1,6642801;1,8255000;1,9608300;1,8530800;1,9774801;2,6785400;1,8999701;1,6872500;2,0865901;0,9591140;2,9682100;1,1203800;3,0497501;1,7484000;0,6786160;1,2918299;1,1116800;0,6461790;0,6803190;1,2821800;0,6008220;-0,3392810;0,1133530;-0,5000250;-0,0178787;0,7068870;0,3461370;1,0102700;1,2121900;0,8995140;0,9401070;0,9187480;0,4196050;1,2663800;1,2966300;1,6166199;1,0755800;0,3092260;1,7882400;0,8338650;2,3684399;1,3091700;1,2390600;0,9269760;1,2538500;1,2530500;1,6351399;1,9037400;0,8829070;2,3085001;2,2218001;1,0781400;2,1546500;2,6659701;2,5175300;1,5278701;1,8774800;1,7692000;1,6585701;1,9007400;2,0493600;3,9217100;2,3304200;1,1297400;1,7733300;2,5752599;1,6936300;1,9955400;1,8712500;1,4157500;1,6980000;2,1218200;1,4914300;1,9701200;0,7675320;1,5807600;1,5353000;0,8464870;2,0210199;1,4738700;2,0226300;1,7492501;0,9755240;1,4862300;1,6905200;0,9941150;0,2064760;0,6898640;0,8115700;0,8966200;0,0664197;0,7990390;1,5500700;1,1610200;0,9797700;1,8830200;0,2804270;1,4102499;1,2774301;2,0364399;2,9977901;2,8368399;0,9565520;9,7152596;1,1993001;3,4730699;13,1335001;6,5995102;-7,9720502;2,5365901;4,2282200;13,9540005;-6,5448198;-8,3631401;-9,5212002;12,3834000;-9,7959204;10,6633997;-6,4000101;-4,5530300;-10,0665998;-4,7112398;-6,3964400;-7,2742701;-6,0391998;-6,4396501;-6,0839500
287259;55956134;449458,000000000000000;5687219,400000000372529;370,0000000;0,0000000;0,3586570;0,6400760;0,2579660;0,2592420;1,0604300;-0,6221950;1,4464500;1,5853200;0,8764370;0,6596110;1,0875700;0,5231340;1,8937100;0,8185760;0,9187860;2,3902099;1,8435800;2,1568699;1,8366400;0,5709850;0,9147320;0,2435460;0,2983020;1,0025400;-0,1132540;1,0459400;1,0752800;0,7982050;0,7243340;0,0303550;-0,5732330;0,0171065;0,9193430;-2,0921500;0,4689530;0,4045390;1,1683300;0,7882090;0,6193030;0,5190310;1,5901300;0,9008370;0,6359890;1,9856800;0,5768070;2,0497100;1,6372401;1,6618500;1,6966900;2,7692499;2,0549300;1,2640800;1,6628799;2,6443400;-0,3850250;0,4553880;-3,5930300;0,3705620;1,1142200;1,3544900;0,9646130;0,2071640;0,2811910;2,2443900;0,6494330;0,4240140;0,1167760;0,2087440;0,1713720;-0,0800507;-0,3045410;-0,0556016;1,2706900;-0,4846890;-0,5081890;0,2576420;-0,3848360;0,0505958;1,0337800;-0,4004830;0,3530910;0,8248190;1,8841900;0,4263510;1,8704600;0,8808620;0,8861650;0,8874380;1,2424001;2,5896599;-0,3756840;1,1075900;1,9607000;3,2195699;1,5530100;1,6896800;1,9373100;2,9652801;2,0412500;1,1509700;1,5085700;0,7173270;1,0905900;2,0708301;0,9998730;1,3454601;1,8304200;1,1880701;2,2726901;1,4348400;1,9011000;1,8394200;0,9740470;1,4020200;1,1646399;0,8191480;0,9987090;0,6562180;2,4505999;2,7018499;4,4747000;3,6745400;1,0341400;0,1892600;0,8599540;1,2219900;0,4718080;0,9662170;0,7335730;0,0372920;0,6501290;1,4826100;1,4509200;1,2713500;1,5572799;1,3793499;0,9014890;0,8775130;0,6683130;0,0613890;1,3834000;1,0144000;1,7474900;1,1597100;1,2102900;1,1488800;2,0567300;1,1583900;2,0126400;2,1074200;1,1814600;1,3838000;2,5397899;1,8533900;1,6009400;1,6888000;2,0622201;1,5722100;2,5298901;2,5224299;2,3607399;1,9128500;2,4658699;2,5831599;2,3308599;2,8130400;1,7823300;0,8982170;2,8952899;1,5184900;2,5773201;2,1599200;1,3253800;1,1305300;2,4295499;2,0304301;2,1412599;1,2317500;1,4989200;1,0171400;1,0997000;1,0467800;0,8681270;1,6857600;1,6787500;-0,3628800;0,7887250;0,3508850;0,4442470;0,2497710;0,4529330;1,5011899;1,7316500;1,1813900;0,6507460;1,7530000;0,4458160;0,4639120;1,1842300;1,6885000;1,6872700;1,1447300;0,9740740;0,7455110;2,1812501;1,7692600;1,4727700;1,7284499;2,3675301;1,1772400;2,6565700;2,3059800;1,8144900;2,2829101;2,9015701;1,8208300;2,2958400;2,2783799;1,8941000;1,3311700;2,5333800;2,3924000;2,7847700;2,5269001;2,8438699;2,2440400;2,8100801;1,7974100;1,9258000;1,7023700;2,1678901;1,5006700;1,8220000;3,1919501;1,8579700;2,2208800;0,1422920;2,3935201;0,1993460;1,5790401;0,5794130;1,7450100;1,3158200;0,7916780;0,7257200;0,2407150;0,3225730;0,8901580;1,3101400;1,1347899;1,4736500;1,1816100;1,7379800;0,8423910;2,1982801;1,3895900;1,5634400;1,7394300;0,6442160;1,3932600;2,4832001;2,3439801;2,2928700;1,9075400;1,6620100;1,9658700;11,9899998;-9,7387800;11,2902002;11,9405003;-0,1438070;3,0455999;-1,8024499;1,8669100;4,9048100;9,7531796;-5,9276600;16,1884995;11,6185999;11,6677999;14,8836002;13,5379000;16,0158997;13,8157997;-10,6171999;2,1444299;2,3053401;0,4194460;1,4991900;1,8925200;1,1146899
287260;55956135;449448,599999999976717;5687227,299999999813735;362,0000000;0,0000000;0,9742640;-8,8066101;-0,3417560;0,0571834;-0,4367130;-3,9558699;-3,3039701;-0,2290790;0,0543964;-0,5006200;0,4582520;-1,7059600;0,5007350;-1,5111400;2,7778101;-0,9855380;-1,7258900;4,5600300;1,6721200;-3,1143999;1,3150400;1,0303299;-0,1718890;0,1650000;-4,3203902;-0,5644510;-3,8173001;-0,0990932;-1,2845000;-1,4201699;0,5805450;-6,0538402;-2,8011501;1,2498699;-0,6829420;-0,4134090;-9,2677803;0,3605550;0,1446610;-0,7642440;-1,5407900;-3,2185600;-0,5393500;-0,0488197;0,4556930;-2,1524999;-0,2535870;2,3892801;2,7391200;-1,5621600;2,1130900;-1,6269500;1,1217800;10,9003000;10,3934002;-4,0520501;-6,5022602;0,5111370;3,9646900;1,0318400;3,0546501;0,3284080;2,9112301;-1,5249900;-0,9819420;2,3795099;-1,8662300;-0,3407620;-3,7251899;-3,6548300;0,3681680;-2,0723901;-1,3959800;0,5477560;-2,8793299;-2,0867200;0,2945520;0,2108930;-1,1018600;-0,8412500;-0,5714520;0,9786690;-1,8964200;-2,6332300;-2,4964299;-3,1915901;-1,8355000;-2,2037899;-2,7854700;-1,1563400;-0,2525200;2,3149500;1,9444600;0,6968790;-0,6517310;1,5040700;0,6416120;0,8273850;-2,0580599;-3,5297799;2,0975499;-1,5666900;2,1751201;-0,8005930;0,9333840;-0,4079010;2,1113901;2,1074700;5,6486902;2,4329200;2,1372099;2,0576401;2,9642999;1,5382299;2,3843999;-0,0812764;3,1181600;1,6055400;4,1170902;2,6418400;1,1581000;1,8495800;0,2344790;-1,4475200;1,7399000;1,1053700;1,6189700;-1,9245400;11,0678997;-2,3652599;3,8345699;-0,8954770;1,4903400;-0,5193350;0,8457550;-0,0393654;-0,5590910;-1,8069000;-1,5191000;-0,3880850;-0,9057810;-2,2725999;-1,5703800;-2,3163099;-1,9138499;-2,2245100;0,1922550;-2,6046901;0,9738620;0,1751670;-0,6485850;-0,1558880;0,5252200;0,8448300;-0,0513337;0,2121910;-5,1652298;2,1053200;-0,1310710;2,3546901;2,5446899;0,1806980;3,2864900;0,6016420;1,6880600;0,3781490;4,7135501;0,7215290;1,0828900;11,3542995;4,1080399;1,9428300;2,1478901;0,1599530;3,9433200;-0,3786490;3,4690599;1,4735800;1,5334300;3,9402101;-3,8502300;0,4001010;-0,3838500;-0,6600450;-0,1527900;-0,5309170;-2,3727801;0,9722570;1,9174300;-0,6051750;0,8916530;-1,7662500;1,0708899;0,8798450;2,1446900;0,6371710;0,7563110;-3,0860300;0,5087810;1,0939699;0,2676190;-0,6709270;0,3341540;-1,9833601;-1,0048200;-2,1277499;-4,0584202;-3,3066499;1,2699000;-1,0068901;0,8261590;1,2049800;0,1874560;-0,4330460;0,3034900;1,2367700;-0,1230400;0,7599960;3,7014401;3,0705500;0,9856590;-1,8331400;0,9700470;2,4345601;2,3917799;3,9226100;5,7224798;-1,8691100;2,3325000;1,5405101;2,9145100;3,7524700;-0,9508200;0,8245830;2,2963200;-0,0302289;0,7087640;1,0408400;3,2161400;0,8060380;0,4386070;-1,5468900;1,9835900;2,1707399;3,6442699;1,8859299;0,8751540;0,2223250;-1,7880599;-0,6260240;-1,6132200;-3,2814100;-0,2982920;-1,2741100;-1,9653400;-3,3370399;-1,4928401;-0,8665030;6,6852899;-0,5089340;2,3393800;-0,7906790;-1,5529900;-2,1566300;4,7796102;-0,5495090;1,1066000;-2,2306001;-0,8138790;-8,9743404;10,9235001;7,9940300;7,2516398;-6,6146598;11,0997000;-1,2714900;8,6808796;-6,6919699;-2,7315199;10,4561996;-8,0703402;-12,1322002;-2,5264900;-11,1028996;-7,3689098;-2,5769300;-4,3571200;-6,2137899;-4,0199399;-3,4664500;-2,9689701
288058;55956933;449473,700000000011642;5687181,599999999627471;368,1000061;0,0000000;1,4328200;1,4873199;0,1513660;0,8184180;3,3894300;0,9214770;1,2122000;1,8156400;2,4445400;0,3502070;2,7391300;1,7473800;1,1402600;-0,4411440;-0,0265760;2,7167101;2,1277399;1,2355601;0,7680290;1,2099500;2,0341599;1,3068700;2,5351100;2,0353701;1,3472300;-0,1401870;0,2085020;0,4065180;0,8923640;1,5689501;1,2671900;2,3238900;2,8100500;4,3079200;2,6313300;3,3772600;2,8914700;2,3328400;3,7330599;2,7222300;2,2446301;1,7608100;1,9882500;2,4386201;2,5302999;2,3283999;2,3692801;2,0876601;2,0968800;3,9740200;3,2832401;3,0651000;3,3368001;5,5307698;11,5391998;12,2320004;11,4396000;-6,3310499;2,8881700;3,5092101;3,4925799;1,8836700;0,4921170;0,4379330;0,8935270;1,6561600;0,1403110;0,4682390;1,7580900;1,0122499;0,8069410;0,1516650;-0,3971640;2,1861401;1,5813700;2,4059701;2,6270299;3,1053500;1,9026200;1,4328300;3,1530399;2,3008001;2,4919400;3,9700100;2,3548601;0,9720440;2,0846901;1,3973300;2,3267801;2,6547899;4,2783999;2,8687699;2,0188899;3,0241899;3,1388199;1,7214299;2,5130501;2,5405900;2,5753701;3,2587199;3,4991300;2,1455300;2,4612701;1,9424700;3,1325400;1,8873200;2,0071599;0,9354910;3,1437500;1,4322600;1,2845100;1,1042700;2,0237801;2,2494700;1,9313999;2,0587499;0,7729560;4,8421898;-4,5095501;3,4861200;7,4687500;10,1625004;5,5729899;2,9580901;1,1269900;1,7564800;2,4697800;0,7285700;4,0373502;2,1392901;2,0387199;2,7550199;2,1451199;1,6876800;2,6811099;1,3369401;1,9006000;1,8169200;1,9364100;1,5269901;3,7267799;1,6834199;1,2771600;3,4286699;3,3434501;4,2620301;5,9080601;4,5888200;3,6808901;3,8831501;2,6829100;2,2004499;5,4127798;5,1337299;4,2779698;3,7213199;4,5419502;3,7925799;3,5897400;2,9955800;4,2863798;3,3894899;3,0825300;3,6352000;3,7451899;3,5769100;2,2050700;4,1121302;3,5156901;4,5493798;3,7899899;3,6974900;4,7528601;4,4575701;5,7783098;4,4571500;-0,9257480;2,5776100;5,2609301;3,8875799;3,2440500;2,7904999;1,9497499;3,5431001;3,1673601;2,8194699;4,0079498;3,0737300;4,0222902;1,9718601;3,4484701;2,5289500;2,9775901;1,8185000;2,9096999;2,2312801;2,6530299;2,4831600;4,1406598;4,4574399;3,8450401;3,6598599;3,8012800;3,3930099;3,9419200;4,5944099;3,0583301;4,5590601;3,9694200;3,9507000;3,3216000;1,9363700;3,3797200;3,4991500;3,4670200;3,5878501;4,7522101;3,9470501;5,3939199;4,0345201;3,3654499;4,3929300;3,8136799;4,4617500;4,7076802;5,7878599;2,9715900;2,9523001;3,9196401;6,1719499;3,9845800;3,2543499;4,2356701;4,2918200;3,7034099;3,4924500;2,9778800;3,0983601;3,9478300;2,9447701;3,3773100;2,3356099;3,2749000;3,9069901;4,6789298;3,2384000;3,7396801;3,5179701;3,4310000;2,9586799;1,7949700;2,3473201;3,3476200;2,8337300;3,3749900;3,9256101;2,3680100;3,1626699;3,3337600;4,5901899;2,7935801;3,9822500;3,0431299;3,6385901;3,4057000;0,8058840;11,7474003;7,3896599;7,1559000;2,2118700;3,6041701;1,4456100;2,7536500;1,0405400;-3,6937799;-2,8311200;-2,4598000;1,1449400;0,3834050;-7,4647899;2,4626701;1,5908400;2,0019801;2,1326001;-3,7966900;5,9498200;3,8467801;3,7016399;3,4266400;3,4991801;4,0099902
288456;55957331;449433,500000000000000;5687162,700000000186265;373,3999939;0,0000000;0,6004850;3,7551701;-4,6071200;-2,9434099;-0,3720730;-3,0736201;-4,3013301;-6,0971098;-1,8272600;-3,1927500;-1,9943900;7,7880201;-1,4491200;1,3492800;1,9798000;-2,5515399;-0,6069630;-3,6661601;-0,9285100;-0,0267866;-5,8091402;3,1533699;-10,9228001;-2,3395300;-3,0482399;-7,7428398;8,9631500;4,4920301;-0,4768540;-1,3454100;8,7913198;0,0362141;-0,6458040;1,8771700;3,3685501;-1,4182500;1,6855100;2,2131901;0,8624940;4,7012401;3,2374001;0,8068580;2,9456301;1,9017800;0,5300810;-11,8399000;6,5315399;0,8062100;-1,0437800;-0,3737300;2,0116601;3,0508101;-1,3118900;-8,0171700;-2,5361600;-6,3335600;-14,4066000;4,3126101;0,0967133;1,0236400;1,9164500;-0,5365080;-1,3091400;0,1072180;-11,3235998;1,5757000;4,7511301;-0,7308180;-6,2339301;-1,3076000;-5,8929501;1,2720000;3,0573299;-8,4674301;6,6269798;-7,3035598;0,2999150;-1,8661600;-7,3994098;2,2828701;6,6743698;-1,3683400;-4,1661401;-0,6713130;0,1090660;12,8065004;0,4850030;1,3642800;-1,8149500;-2,3840599;2,5228100;1,1140701;-2,1744399;3,1639199;0,5857920;-6,0073900;-0,6373060;0,2601580;-3,7344401;0,6868930;1,6598200;-2,2774100;1,5439301;-2,3993001;12,2557001;1,1826299;1,7158099;1,6770400;2,4212501;2,4415500;2,3223200;3,9972799;-6,9380002;2,7189000;2,5529399;2,8938000;1,6349900;-0,2330170;-2,9263799;0,9942670;0,9282530;-0,1002690;1,4397700;-4,7390099;-1,8462200;5,0509100;3,8658600;-8,4153700;10,0165005;1,4730200;-0,1316500;-1,2633200;-4,5012798;-5,2344599;5,1667800;-2,7738199;-0,9746220;-5,3464799;0,6042550;1,2975800;3,7254400;2,7462001;-0,6457660;2,6461599;0,6638830;3,5757999;0,9501610;5,3014102;4,8522000;4,3943501;0,5410330;-1,3441401;1,3618300;-0,7685960;-1,2357399;0,3784750;5,0642400;1,7402000;1,6480300;0,0665112;-1,1892200;5,6813402;-0,9077360;-5,3064799;1,5301000;-0,7610130;0,3124360;0,0942057;1,7589700;-1,9610600;1,1965801;-0,3152280;3,8603301;-3,5342500;1,3466100;-3,3634901;11,2215996;-3,4326701;2,3786800;1,1733900;2,7590201;-1,0539700;-1,0493799;-2,8885400;-1,8803300;-1,8257101;-0,9584760;-0,3233450;3,3073900;0,9001730;-3,6736901;1,5901600;0,9829860;-0,0230585;-4,6539798;-2,0545001;0,7565080;-1,7293800;-1,1591300;0,4867700;-8,6026201;-2,6325500;-0,2936000;-3,7299199;1,6710401;-3,1436300;-5,2010102;-2,2496500;6,4915199;2,8028800;2,5591600;-3,9811900;-2,2819400;2,1871600;-2,5527201;-2,7399299;-5,8253198;0,3092810;3,1395500;0,6773040;-1,3494800;-1,1258700;-5,6659002;0,1830810;-1,1219300;-2,3060501;1,6024700;-0,5541320;-0,4686880;-3,5814700;-0,8246220;0,1162950;-0,4609210;-1,2193300;-0,2845760;-1,6061300;-1,1353800;1,9512700;3,4501901;-2,6390100;-0,7215700;-4,2404299;-1,9028800;-4,6335201;-2,1233101;0,9301610;-3,5452499;-4,4913602;-3,4455299;-5,9220200;0,6568980;1,2645500;-1,1609300;-3,5576899;-1,0876200;-9,0777798;-2,3535199;-4,6189098;-3,5689001;0,0832839;-4,2760100;-3,3565900;1,1271501;-0,5533650;-5,6226101;11,3480997;-10,5516996;-4,1618400;5,2891798;-11,8347998;1,9594700;8,5841303;2,6878901;4,1095099;13,5106001;12,7598000;-1,7796201;5,9632702;1,9888600;7,4846601;7,4908400;-10,8317003;-7,4636202;0,5776670;-0,7595400;-8,5722198;-0,4190550;3,1796701;5,5396500;0,5178730;5,6913800
288654;55957529;449414,500000000000000;5687153,500000000000000;368,7999878;0,0000000;-1,6799099;-0,5935700;0,0353544;0,0367868;-2,5111899;-0,5031470;0,0314977;-3,8603899;-2,2634699;-0,9721420;-2,7647200;-1,8331500;0,4335440;0,0472181;0,3279910;0,6910570;0,3031040;1,4322799;1,0416900;0,8373580;-0,0483029;-0,3141330;-2,5548100;0,1275750;-2,0880599;-0,4071320;-1,4818600;-2,5199299;-0,4268720;-2,6909399;-0,5840930;-1,1695900;-2,1274500;-2,2426400;-2,2799499;-2,4382701;-1,0484999;-0,8409040;-1,6748600;-3,8529000;-1,2703700;-2,0859900;-2,2145100;-0,2235210;-1,6789300;0,5329030;-0,3148300;-0,0751784;-1,2329400;-0,6019280;-1,0413899;-1,0754800;-2,5209899;-3,7907600;-5,8990002;-12,7676001;-13,0487003;-5,0991998;-0,9159260;-2,3473001;-1,3318400;-0,6280330;-0,6344100;-0,1733980;-2,2131400;-0,5333200;-1,9415300;-0,3749070;-2,1795700;-2,0819600;-2,4080901;-2,1427200;-0,2098080;-2,9216399;-2,6819601;-1,1890700;-3,8478799;-2,9018199;-3,8797300;-4,4078999;-3,0825400;-5,1410699;-2,2000799;-2,4548399;-2,9843099;-1,7470700;-3,9085400;-1,2368500;-1,4961200;-1,4765300;-1,5333800;-3,2530000;-2,7546401;-1,6139300;-1,3816900;-2,5780001;-1,0363500;-1,3265200;-0,4611710;-1,0349300;-0,9541000;-0,2884770;-0,4600940;-0,5833200;0,5156580;-0,0171163;-0,4318120;-0,8688180;-1,9794199;0,3373680;-0,0026579;-0,1407920;-0,3686210;-1,7788800;-1,2385000;-0,0707417;-0,9362910;-2,7156701;-7,9148698;-11,6288004;-7,6844902;-7,7575898;-1,9561700;-2,0468500;-1,1668000;-2,3281500;-2,6620800;-1,7957000;-4,5977101;-1,5754700;-4,6165800;-3,0516500;-3,8819201;-4,3389902;-4,6837101;-1,8049901;-3,7576301;-4,1873899;-4,1568298;-3,7137301;-4,0782599;-4,1295500;-3,6798999;-4,2655301;-3,9745100;-5,0992999;-5,1831198;-4,6115999;-3,3567400;-3,0084901;-1,9461401;-2,3294599;-3,2314601;-2,4548199;-0,6981120;-1,9089600;-0,9032850;-1,0838799;-2,0452900;-1,8727200;-1,6793500;-0,4042470;-0,4425340;-1,2463100;-1,3128999;-0,2071580;-0,8227560;-0,1290740;-0,7398660;-0,1767910;-0,5460390;-0,5749710;-1,4887500;-0,7244110;-3,5846400;-2,2694700;-11,0123997;-1,8047400;-2,9340501;-2,4709699;-0,4687280;-0,6894020;-1,4695300;-4,4438901;-3,1938901;-0,9828920;-5,2571602;-4,1816702;-3,5318799;-1,2653700;-1,5689700;-4,8655500;-1,3568500;-4,3461299;-4,5027900;-3,9327300;-2,3082099;-3,7075901;-4,4657798;-4,9323702;-5,0127301;-4,4766502;-1,3136899;-4,5811901;-3,6628399;-3,4252000;-3,6097600;-3,9858999;-3,2286100;-2,1047101;-1,3406500;-2,2289400;-3,5972800;-0,6889980;-2,1051099;-0,8247800;-2,4926300;-0,7392130;-1,0934401;-2,2501400;-0,1517110;-1,4758700;-1,6463799;-1,6430800;-1,0802300;-2,2332699;-0,8679630;-1,2723500;-0,6887850;-2,9041800;-0,7794510;-0,7797640;-1,8208700;-1,9756900;-0,7839260;-1,1120200;-1,0743600;-1,9409500;-2,4918599;-0,7034670;-0,5374980;-1,3777400;-2,0326900;-4,0827298;-3,6030200;-2,6175699;-3,7493701;-3,7795601;-3,8920400;-4,3681102;-2,1673100;-3,6055701;-3,4234300;-2,6792700;-4,4772701;-4,9667602;-4,4636202;-2,6761100;-4,0783901;-1,8029400;-2,4264901;-2,7911799;-2,9266601;-4,7015901;-4,3817201;-3,5545001;-5,8874998;-5,2074800;-4,4521198;-3,8446500;-3,9555500;-2,6613300;-3,2587099;-0,5537710;-1,9807200;-2,5998099;-0,8589880;0,6056730;-0,1871140;-3,2532699;-0,8559650;-1,7534800;1,0544800;0,6874600;-2,5154500;0,1415570;0,8993760;-1,7130600;1,2947900;1,3114901;0,5974780