OBJECTID;PS_ID;X;Y;Z;date_20150408;date_20150420;date_20150502;date_20150514;date_20150526;date_20150607;date_20150619;date_20150701;date_20150713;date_20150725;date_20150806;date_20150818;date_20150830;date_20150911;date_20150923;date_20151005;date_20151017;date_20151029;date_20151110;date_20151122;date_20151204;date_20151216;date_20151228;date_20160109;date_20160121;date_20160202;date_20160214;date_20160226;date_20160309;date_20160321;date_20160402;date_20160414;date_20160426;date_20160508;date_20160520;date_20160601;date_20160613;date_20160707;date_20160719;date_20160731;date_20160812;date_20160824;date_20160905;date_20160917;date_20160929;date_20161005;date_20161011;date_20161017;date_20161023;date_20161029;date_20161104;date_20161110;date_20161116;date_20161128;date_20161204;date_20161210;date_20161222;date_20161228;date_20170103;date_20170109;date_20170115;date_20170121;date_20170127;date_20170202;date_20170208;date_20170214;date_20170220;date_20170226;date_20170304;date_20170310;date_20170316;date_20170328;date_20170403;date_20170409;date_20170415;date_20170421;date_20170427;date_20170503;date_20170509;date_20170515;date_20170521;date_20170527;date_20170602;date_20170608;date_20170614;date_20170620;date_20170626;date_20170702;date_20170714;date_20170720;date_20170726;date_20170801;date_20170807;date_20170813;date_20170819;date_20170825;date_20170831;date_20170906;date_20170912;date_20170918;date_20170924;date_20170930;date_20171006;date_20171012;date_20171018;date_20171024;date_20171030;date_20171105;date_20171111;date_20171117;date_20171123;date_20171129;date_20171205;date_20171211;date_20171217;date_20171223;date_20171229;date_20180104;date_20180110;date_20180116;date_20180122;date_20180128;date_20180203;date_20180209;date_20180215;date_20180221;date_20180227;date_20180305;date_20180311;date_20180317;date_20180323;date_20180329;date_20180404;date_20180410;date_20180416;date_20180422;date_20180428;date_20180504;date_20180510;date_20180516;date_20180522;date_20180528;date_20180603;date_20180609;date_20180615;date_20180621;date_20180627;date_20180703;date_20180709;date_20180715;date_20180721;date_20180727;date_20180802;date_20180808;date_20180814;date_20180820;date_20180826;date_20180901;date_20180907;date_20180913;date_20180919;date_20180925;date_20181001;date_20181007;date_20181013;date_20181019;date_20181025;date_20181031;date_20181106;date_20181112;date_20181118;date_20181124;date_20181130;date_20181206;date_20181212;date_20181218;date_20181224;date_20181230;date_20190105;date_20190111;date_20190117;date_20190123;date_20190129;date_20190204;date_20190210;date_20190216;date_20190222;date_20190306;date_20190312;date_20190318;date_20190324;date_20190330;date_20190405;date_20190411;date_20190417;date_20190423;date_20190429;date_20190505;date_20190511;date_20190517;date_20190523;date_20190529;date_20190604;date_20190610;date_20190616;date_20190622;date_20190628;date_20190704;date_20190710;date_20190716;date_20190722;date_20190728;date_20190803;date_20190809;date_20190815;date_20190821;date_20190827;date_20190902;date_20190908;date_20190920;date_20190926;date_20191002;date_20191008;date_20191014;date_20191020;date_20191026;date_20191101;date_20191107;date_20191113;date_20191119;date_20191125;date_20191201;date_20191207;date_20191213;date_20191219;date_20191225;date_20191231;date_20200106;date_20200112;date_20200118;date_20200124;date_20200130;date_20200205;date_20200211;date_20200217;date_20200223;date_20200229;date_20200306;date_20200312;date_20200318;date_20200324;date_20200330;date_20200405;date_20200411;date_20200417;date_20200423;date_20200429;date_20200505;date_20200511;date_20200517;date_20200523;date_20200529;date_20200604;date_20200610;date_20200616;date_20200622;date_20200628;date_20200704;date_20200710;date_20200716;date_20200722;date_20200728;date_20200803;date_20200809;date_20200815;date_20200821;date_20200827;date_20200902;date_20200908;date_20200914;date_20200920;date_20200926;date_20201002;date_20201008;date_20201014;date_20201020;date_20201026;date_20201101;date_20201107;date_20201113;date_20201119;date_20201125;date_20201201;date_20201207;date_20201213;date_20201219;date_20201225;date_20201231
44049;21604437;449376,200000000011642;5687543,299999999813735;379,2999878;0,0000000;2,5011799;-3,1035199;-1,1931200;-4,6384201;-1,1439199;-2,7066500;-6,3464499;-4,8229799;-3,6343901;3,8769901;-3,0259500;-6,6051302;-5,6975999;-4,1924100;-3,2852700;-3,9449799;-4,5977998;-1,4182900;3,7271900;-0,5148710;-3,1212001;-1,6610301;5,0735402;-0,6499510;-1,6684800;1,4172200;-3,9432800;-1,3338701;-1,1556400;2,1907799;-2,6829100;-0,8596190;0,2640270;-6,1767502;-2,8441601;-2,2828701;-2,9904900;-5,3533502;-8,3319902;2,6149199;-9,4191103;-1,6411700;-2,7818799;9,1646404;1,6968700;3,7695000;4,7951798;-0,9090390;-5,6926198;-10,5135002;-2,8125300;-2,1711099;-0,9339980;-1,9953500;11,7237997;1,5578001;6,4384098;-1,5298001;0,8287590;-1,9137200;-7,0208001;-1,8781000;-0,3670580;2,2003901;1,7122000;2,6051300;-1,1442800;0,9146290;2,2557700;1,9905699;2,1435800;-1,1821200;1,0622200;-1,2413100;2,7221799;0,4439400;0,4027350;-3,7229900;-2,7535200;4,8304000;-4,1430702;-0,2427430;-3,0567300;2,4298201;-1,1644700;-3,0138700;-7,5215001;-2,3948901;-0,3656920;1,2830000;-4,8482699;-6,3905101;-2,8456299;-2,8220699;-3,4910901;-4,3199301;-0,3442270;1,9705400;2,1081400;-6,4305301;-2,3654399;-4,0612202;-1,0948100;2,8637199;-3,0026300;0,5762140;1,0943300;2,9303899;0,9044320;-0,6900430;-0,5369930;-2,7375700;-5,6377301;-6,4055800;-10,8234997;1,3892300;2,6572499;2,1470799;-4,2369599;-2,8708899;-2,3883300;-2,0095201;-0,0358248;3,6364601;-1,2674201;2,5353000;1,0231400;-5,8196101;-5,8297300;-7,2431998;-2,0533600;4,4119601;1,0123800;-3,6676300;-8,8035803;3,3536301;1,3186001;-1,9350100;-1,0340199;-0,3939500;-0,2686310;0,0423741;1,6221000;-6,3832002;-0,3938040;-0,8354050;3,1985099;-0,2011450;0,4429550;-3,1426699;-1,3784699;0,8009660;-4,8476200;-0,9197950;0,0851974;-5,6323400;2,4409599;4,8619800;3,8504701;-4,5654202;-1,2639800;1,6436400;-1,0372000;2,7653999;5,1472802;4,0610399;-0,0080752;-2,3759999;-1,3377900;-3,8849001;-3,1568699;-2,4400101;-1,9383399;-1,7579900;0,7359410;-5,7562900;-3,6912401;-4,2028298;-6,6437898;-1,4928800;-12,0464001;-6,4844198;-3,4817200;-2,2450900;1,4721100;-1,3247000;-4,8754001;-2,0385101;-3,7186601;-0,4830880;-3,5216701;-3,2453499;-0,2019810;-8,1082096;0,0387549;-5,9661698;0,9325670;-4,2163601;12,4512997;-4,0539198;-6,8390498;-1,2201000;-1,8666800;-10,5679998;-3,1677001;2,7191401;1,0268199;0,7460120;1,3599600;0,9917480;-2,4858501;2,5738001;-0,7318890;-4,3942699;-3,9786401;-1,1845200;1,3273200;0,0552177;-2,4460001;0,8191830;3,7243800;-0,1749540;3,5692799;4,0182900;7,6995401;1,7227000;-7,2971702;2,5409701;-7,5693202;-4,1385398;-1,3986100;-3,5021801;-4,3131399;1,7657400;-0,4314650;-0,3260510;-0,8889810;-2,7921100;1,9356400;-2,7427299;-5,0071402;-0,6460890;-2,2636399;-9,5372400;-2,2559199;-2,0713000;-2,1206400;0,0799155;0,2935080;3,2517600;-2,8347900;1,8520100;1,4016800;-2,0982399;-0,1661680;1,2601200;6,2396998;-1,3201801;4,9832001;3,2884400;8,9525003;6,4139500;5,9182701;12,2467003;8,6099501;3,2829299;-0,4137190;-6,1971698;1,8504601;6,8864398;0,3438460;3,0353899;1,8189900;4,0238400;0,5272120;-7,8216400;-1,6710800;0,4982890;3,8773999;13,0754004;5,8769498;-9,8593102;-2,5667500;-11,7412996;2,2180099;1,0240901;1,7705899;-3,6363499;-1,2632600;1,5049000;-9,6175404;-1,4301800;-1,6557699;-11,4454002;-10,6000004;-2,7214501;-2,1696701
44086;21604745;449395,200000000011642;5687476,200000000186265;374,0000000;0,0000000;2,8296199;-1,5832300;1,0695900;0,2942500;-0,1688020;0,5421240;-1,8008600;0,3210690;-0,9618440;-1,6662400;0,6248720;1,5735800;0,0201633;-1,5708200;0,9345750;1,9611900;1,4104000;2,4495299;3,0443699;1,2906600;-0,3496580;2,1428199;1,8921900;-5,6879401;-1,2281100;0,6766680;0,3476300;0,9136120;0,1056860;1,3276100;1,8673400;0,6026190;-0,9523580;1,8781500;-0,0164509;1,8554699;-0,7204670;1,1033700;-0,0299883;1,0665300;2,1884501;2,9883800;3,7815399;3,7999401;3,1063900;1,2192400;3,6263900;0,8834880;2,1316900;3,6426201;3,2700000;1,5978600;2,2622700;2,2890999;3,2707500;1,4508600;0,3657210;-3,6650500;0,4752990;-8,3480597;-8,7110100;-2,4457500;3,4218199;3,2887499;3,7454200;2,1717999;1,2520601;3,0402200;0,4440990;4,0111299;0,8904420;1,7773600;3,7180700;0,3996100;-0,0705047;1,4981900;4,1319699;2,8821199;3,1847999;3,6762500;1,1526099;1,3056700;4,3785100;0,9385470;0,8436030;2,4235201;1,6936400;3,4702101;3,2950201;3,8325300;1,6357200;5,4978099;0,9925400;1,6710300;1,5410200;3,2587299;2,4532900;2,3354399;4,6769600;4,5816202;2,6611300;3,9001400;1,7279400;3,2070401;1,6645200;1,6546600;2,6723499;3,2008801;1,3656100;3,1181901;2,8697200;3,2729199;2,3711500;3,1954999;0,8607590;1,3871200;2,3734500;2,7165301;2,8318601;1,0413100;2,0142400;1,7367400;3,1636200;4,3351598;-1,9421200;1,6900500;0,8573430;2,7171099;3,4127800;1,6097300;1,5884900;2,4397500;3,5935600;-0,9000240;3,5132999;2,3924100;2,1811099;3,4980299;2,5720401;2,7818000;4,0328202;4,0592899;3,7539501;3,2938199;3,3330801;4,7718801;2,0897601;2,1004500;2,6999900;0,9441870;3,2662001;1,7286400;3,2305601;1,3563499;3,7051499;3,7194901;4,4308000;2,1476800;3,5074501;2,2168300;2,7061400;3,4843900;0,9580590;2,9122500;3,4746301;2,0514700;3,2645900;3,9130900;2,0565901;4,3247099;4,3031702;3,6370001;2,4005699;3,6728499;1,6213400;0,1049410;-0,0172312;1,1038200;0,8494720;0,9806270;2,4377301;-6,5295601;2,3389900;-0,0062149;-0,0971220;1,4743100;1,2499700;1,8010900;0,4612990;0,9847110;1,3104000;0,6883890;1,6775301;1,8901500;3,0959599;4,5612798;4,6232400;1,2416800;1,6818300;1,0040500;2,4024301;2,0253100;5,0585299;1,9741100;3,5531499;3,9608400;4,3433700;2,7413800;1,9024100;4,3986502;1,4876900;1,3981100;3,4109399;2,7216499;3,8191600;2,4860301;4,7310300;4,5604901;5,2528200;4,0090098;4,4786501;3,4062500;2,6530199;2,5717700;4,8484802;4,0833302;2,8161299;1,4819300;2,6482501;2,4957099;0,9130420;0,6405580;1,7541699;2,0938499;0,7930460;2,1802001;1,2471700;-0,6422790;-0,0702639;3,5069301;2,4405501;0,9742380;3,3263199;2,0343900;0,3393010;1,8154700;0,2449210;0,9083580;2,0231800;-1,1045200;1,6861800;2,1078701;3,5333700;5,6649399;4,3583899;3,1879001;5,3020802;2,3878100;3,2111199;1,8670800;3,9031000;2,6128299;3,1663001;2,6971099;4,3514400;3,2751300;3,8824000;4,2967200;4,5387802;4,6053801;0,7626130;1,5895400;1,2179199;1,8197000;5,2262301;-0,7903400;5,0565300;4,3694000;1,5085000;9,3285198;-0,2877540;7,1380901;6,6759901;-1,7564100;6,5376601;6,7092700;13,7076998;13,3169003;-9,4860601;15,1348000;2,1180201;0,3382930;0,1208420;-1,4646500;-0,9598240;-2,8214200;-2,2204101
44102;21604945;449403,099999999976717;5687427,099999999627471;373,3999939;0,0000000;1,1198699;-0,0445187;-1,7776800;-0,5672150;1,6223800;1,7269900;-0,3563060;0,6793270;-0,1895210;0,9376880;-0,6096810;-0,2499930;1,6652499;-0,0227332;1,9037499;0,7893150;1,3523500;1,3532701;0,0871785;0,2828650;-0,1700900;-0,4515870;2,2059400;-9,4050102;-0,0973425;-0,4328140;-0,1050910;-0,2788760;-0,4104950;0,5681280;0,9736950;-2,5532401;-0,9832280;3,0195701;-1,5944999;1,0411299;0,6393150;-0,4869360;0,2049860;-0,0506384;2,4405501;2,0325501;5,5520701;5,1942301;3,9480700;3,8248100;2,5250399;1,8788400;0,1470030;4,0211601;2,0600901;2,0756299;2,1251500;3,6215501;3,7999301;3,4739799;2,7721000;-3,0231199;1,4794800;-9,8255196;3,1643300;9,2725000;0,1533250;3,9277301;3,3849101;1,8024100;1,5362900;2,2441199;-0,5572410;2,9734600;3,6073999;3,5186601;2,3898399;1,2343800;1,7317700;1,6760100;1,7204200;1,6664500;0,5438420;2,4264200;1,5697700;-0,5607220;3,5407901;-1,0163500;4,1850500;3,2498300;1,7595800;3,7294600;2,4415500;1,9472600;2,8077700;4,1982398;-0,0831757;4,1911898;2,7000000;2,8291900;3,1267200;3,9495599;3,1821799;4,7747698;2,6963699;4,4697800;2,9512200;4,2243600;4,8909502;5,5488601;3,0333500;3,4751201;2,5495801;4,6406999;3,4728501;3,7165999;3,3253000;4,0541801;2,3210800;5,5601301;2,6827900;3,9093399;3,3878000;3,4047201;2,0871601;2,3521500;4,8058701;4,9010000;4,1712198;3,6593599;1,9143100;3,8599701;4,5588398;1,3408900;1,3243999;3,1052599;3,6334801;1,5786700;4,3212700;3,4931600;2,1188200;4,4565701;4,7044902;2,7202599;3,9379699;3,9982100;2,2203100;2,4894099;4,3757401;4,6217499;4,6463099;4,2185402;3,9245400;2,4476500;3,3389399;2,8799000;4,3674102;3,2932799;5,6373401;3,2300000;4,4494400;3,5219200;3,6336100;2,9181299;3,7598400;5,0208201;5,5650902;4,2006402;3,7696400;4,1491299;1,9960300;3,0603399;2,5705199;4,5394001;3,1108601;3,7652099;4,1544399;1,2202200;1,1435601;1,1274500;1,0523700;2,6005001;2,7635200;1,1812201;5,2793999;-1,4288900;0,0522842;0,6774810;4,2531700;2,5063601;0,8229630;1,4046000;1,2994500;2,8186901;3,1002400;1,4204100;2,5705400;1,9043900;3,9792299;2,5969300;4,8319201;3,4000700;2,1800001;2,0157800;2,0204999;3,4276099;4,0021300;2,7779300;3,0888400;5,5346899;2,5703700;3,7115099;2,4875200;7,0345802;2,2763400;3,2797501;4,3013101;3,3688800;4,3991899;2,8189700;5,8369899;5,4533901;4,8126001;5,1208601;4,1416001;4,1365299;4,2074599;3,3026500;5,0789700;4,4583302;3,4639001;7,9536901;4,2191100;3,1037300;4,7300701;2,1443801;6,2504902;5,4255600;4,2638202;6,1347299;4,0771399;1,7659900;2,8501101;4,6936898;4,1611400;1,4974300;3,4093499;2,5014300;1,0504900;3,4495299;2,3472800;0,9524490;4,8205600;4,7699299;4,0817599;4,0707598;4,2300501;4,1051502;6,7246599;2,6562800;4,4403701;4,0260000;2,2126400;4,1109700;4,2592502;3,0822799;2,3325400;5,5557799;5,7630301;6,5270600;6,5846400;4,0650401;4,6986299;4,4230499;6,8119998;5,9384899;5,7503800;6,8388300;18,4248009;17,0212002;18,2241993;1,6989000;7,1754799;18,8738003;11,0424995;16,4568996;4,1590099;-5,3906398;-1,2357700;-6,6581302;9,7748499;5,8025799;14,8458996;-2,1194501;-8,5981598;-2,5264299;-2,5365400;-3,8389699;-2,2727101;-3,5823500;-3,4055500
44125;21605119;449414,799999999988358;5687367,099999999627471;374,3999939;0,0000000;0,1382120;-0,8171510;-2,2145500;-1,7262100;-0,8827180;1,1887000;-1,4022501;-0,1903490;-2,3350301;0,7784980;-1,8902400;1,0459599;0,2539340;-2,7048199;0,6597020;-4,9577398;-1,0513999;-0,5077830;-2,9400499;0,0003065;-3,9516301;-0,4387080;-0,0991015;-16,9041996;-3,3393900;-5,2094898;-2,5400600;-0,7079700;-4,6702499;-2,3954401;-1,4220901;-2,8108499;-1,3027500;-0,5842650;-2,9305100;-3,1190701;-1,9030100;-3,0816700;-0,9954020;-5,5754600;-2,7943799;-2,3301201;-0,4617600;0,4425060;-0,4242720;-0,3543880;-1,0867900;0,7263520;-2,6119599;0,7232540;-2,1184299;-5,1226702;-0,5718800;-0,6522460;-3,4561501;-1,6713600;0,4078080;-4,6377802;4,5319901;7,0434499;2,4093001;4,9744802;-3,5890601;-0,3756240;-1,5712399;-4,7554798;-2,2831399;-4,3583202;-7,2899499;-4,1396399;-0,8263990;-2,5606401;1,6055700;-3,0548799;-2,3378201;1,1883100;-3,7336099;-3,6431601;-3,4676800;-2,3136599;-0,0124214;-0,8061340;1,2376300;0,0192511;-0,0263858;0,8535870;-3,5236399;0,7735120;-3,4646299;-1,7621700;-3,7335501;-1,9603400;-5,4510698;-2,8778801;1,6026500;-3,5330801;-2,6609199;0,5699860;-1,5721600;1,3758500;-2,7581201;-0,3950000;-3,0855801;0,0561664;2,9627900;0,4012130;-2,7886500;-4,0269899;-1,7259800;2,2113500;-1,6301800;-1,8029900;-3,0998001;-2,5149500;-3,8250799;-0,8589810;-4,7690001;-3,4269099;-3,2015600;-0,9785840;-4,5883899;-4,0019102;-0,6314850;-0,3018400;-2,1026101;1,9384700;-0,8545730;-1,7091600;0,7412870;-2,5583401;-3,4094200;-2,0665901;-2,4484501;-0,3965760;-0,6133500;-0,5072790;0,8197450;0,9311330;-2,0891199;-1,4138499;-3,1159301;0,4098050;1,7857600;-0,1638250;2,1624401;1,3068399;0,8783130;1,4546200;2,6072299;1,2735500;1,4951500;2,1322200;0,0174407;1,5810601;1,8062800;0,5271480;1,1158299;2,5928900;-2,8737500;1,2904800;1,9513500;0,5255130;1,3709700;1,6823400;0,0356178;1,8242100;-0,1151750;-0,3447150;-2,0416701;2,9683900;1,3464700;-0,1230770;-0,0986737;0,2544130;-1,2735200;-2,1288300;-2,8061700;-2,0384901;-3,4367900;-1,6235000;0,7891320;3,9640801;1,1955100;-4,4472699;1,1898400;-0,0790895;-0,2142160;0,5015810;-2,9538100;-1,9385600;-0,4182510;-0,4448730;1,7690200;-0,3604790;0,4712930;-0,5411300;0,6805430;-2,0064800;-2,5607500;-2,0920999;-4,3615198;-1,5624100;2,8112600;-0,3447500;-0,4698190;2,8566699;1,4767100;1,1986500;1,5981100;1,3565300;0,9957980;-0,5723200;2,0456600;-0,6335570;-0,1231070;1,5258300;-0,0392656;2,7484400;1,5754400;-0,2970570;-1,9788800;-0,6452750;2,3261499;0,1481120;3,7670901;1,6576400;1,4912000;1,7756300;0,1046310;0,9454170;0,5959030;-2,3470299;0,5413410;0,8310070;-2,8761899;1,9590100;1,3016100;1,0836700;-0,2548980;2,9317901;0,0438359;-2,0104401;-1,9194900;-0,9680110;-5,2118001;-0,0316393;-4,2044902;-4,0582700;1,7176900;0,7568450;1,5137900;-0,5606150;1,0802300;1,5271300;1,4145401;-2,0488200;-0,5057440;-0,3891780;1,6983000;0,6833070;2,3422501;-2,0357399;-1,3493700;0,3214510;0,9029180;3,1731999;3,7627201;3,0314901;0,7418110;4,0935702;5,3429899;3,6489000;3,6173699;1,8917500;7,6064501;5,6521802;5,2217798;1,6465900;11,6851997;-2,2884800;0,5135880;-5,0978599;-10,1976004;-8,2069502;-2,5826600;8,3623199;-7,7256498;-4,7714000;-6,8910599;-12,8416004;-2,1745100;-6,7279000;-7,2141700;-8,4791603;-3,7402799;-5,2040701;-7,0782700
44144;21605223;449551,799999999988358;5687317,299999999813735;317,2999878;0,0000000;0,7268910;2,9654601;-2,0989799;0,3933490;0,2759500;5,0531902;1,1384701;1,7322600;-0,8182780;0,8772920;-0,3227150;2,2556000;1,2150500;-0,1247600;1,3423500;-0,2844860;-0,0714197;1,4681300;4,6008401;4,4753299;-0,0172472;1,0225800;0,0855360;2,4965301;2,6962299;2,4626000;2,4205999;2,5293300;2,1659400;0,4739600;-1,5314300;-0,4868140;-1,5355099;1,9562700;-0,5999040;-1,4489000;4,3012700;1,5238200;1,1736400;2,2802701;-0,8889140;2,8551800;2,1597700;12,2419004;10,8724003;10,8431997;11,8606005;7,0416498;8,9156599;9,1822300;-0,4052950;-0,8374470;8,9439402;5,5488901;5,2216401;4,6183600;5,9466701;10,9247999;11,3703003;9,0253201;-0,9064710;5,3526502;5,8044200;9,3573198;11,2821999;9,3556204;6,0585299;0,8805920;2,2890201;5,2674499;5,8603702;7,2430301;5,7589798;6,2694101;9,2736902;7,4681902;6,4589400;7,2427702;2,1704299;12,7490997;11,8751001;15,7665997;13,0684996;11,7502003;9,6241398;16,0643997;12,9393997;12,0172005;6,1696501;9,7087002;8,9434404;10,8246002;8,9023895;11,2242002;10,8656998;15,3409004;18,5254993;10,4433002;14,0153999;12,3867998;7,3276901;6,8535700;7,5650501;9,7862301;11,3386002;12,2013998;11,9384003;9,9456797;10,1054001;10,8185997;10,4610996;11,4020996;9,2592402;13,7751999;12,7340002;9,3964300;11,5263004;13,6927996;14,4967003;11,0696001;11,5805998;12,2461996;10,8410997;12,8729000;13,1438999;5,9559498;4,3321600;1,6309600;13,2241001;5,9706602;7,3368101;10,5278997;6,6876998;8,2857199;5,8170700;8,3371401;10,7075005;11,7512999;10,1817999;13,5108004;16,4148998;14,3816996;5,1158299;9,2632103;13,4001999;6,7487202;7,6240401;9,2751102;14,0108995;10,7482996;11,0439997;11,6878996;7,2213998;13,0400000;15,5622997;9,5170603;14,1861000;10,3631001;8,5757399;11,0007000;9,3693399;9,1497402;7,7483702;9,7589302;14,4249001;9,4483099;10,0132999;16,8668995;15,3698997;11,5848999;12,7952995;12,1316996;17,2240009;15,2854004;12,4431000;13,0045004;11,0228004;12,6611004;13,2033005;12,0341997;11,0181999;10,3687000;8,9138899;13,4307003;7,2921600;8,9864101;5,7117500;5,4422898;12,0872002;6,9339700;9,2814102;8,0840101;8,2535105;4,8226500;7,5040202;4,6955800;10,2005997;9,4351301;6,8847299;8,7660398;10,7019997;10,5487003;10,3612003;8,4225302;9,9300900;10,3006001;9,7262096;8,7827597;11,3643999;9,9424496;7,4372301;10,5579996;12,1051998;10,1006002;7,7564502;10,3264999;10,9125004;9,2072697;8,5751305;10,7136002;12,6070995;21,1236992;6,9147601;20,6161003;6,2637100;10,1952000;9,5565500;11,3938999;8,4820805;12,7762003;9,2921600;10,9102001;9,9266195;10,1752996;6,7703099;10,0806999;-0,1334480;8,4419003;14,8717003;13,2742996;20,6298008;9,0928202;18,0578003;13,3304996;14,4467001;12,4187002;12,1029997;11,0754004;8,9093103;13,5970001;10,5143995;9,3533096;9,4986200;9,7090397;9,2348604;8,9882202;8,2484703;10,1898003;11,0116997;7,3636599;10,3362999;7,2123098;9,4298496;4,6667399;10,3896999;10,1917000;12,9067001;13,3230000;10,7798004;14,0972004;15,7783003;10,5685997;14,7986002;11,4913998;12,9124002;20,3019009;14,2386999;12,3135004;12,1125002;14,8344002;9,4113598;11,7882996;8,1846399;9,4451399;9,1197004;6,4277802;0,5108210;16,6334991;11,2691002;15,4793997;10,8790998;6,3867698;13,3365002;25,0538998;7,1873002;13,9417000;8,6357899
44145;21605224;449509,700000000011642;5687324,200000000186265;337,1000061;0,0000000;-2,6032701;-0,1689090;-3,3813701;-1,3918300;-3,1466401;-3,0747299;-4,1692500;-4,2879801;-6,8783898;-2,9217501;-3,6726301;-1,8867199;-1,6830200;0,8442340;-1,0417300;-2,6885300;-2,4333100;-1,5526201;-3,5929799;0,4024800;-0,8371700;-1,5820400;-1,2987700;5,6416798;-3,4740300;-5,7626400;-2,7921500;-0,3582740;-3,3962801;-3,8505900;-0,2857180;-2,1906600;-0,7903590;-0,4616170;-6,3201499;-4,3593302;-0,2317310;3,7713001;-1,0827200;-1,5895900;-2,2972200;-1,0432301;-4,8065000;-0,5002660;-1,3896700;-0,1727330;-2,4954000;-0,4919500;-1,7550499;-2,1080301;2,1324301;0,4614540;0,2122800;-4,7696199;0,9224500;-0,3031700;-2,9223700;0,9637480;-1,7772200;2,4763401;-1,7718300;7,6817398;-1,5608300;-1,1463100;1,7227600;-3,9529901;-0,9261000;-1,2961500;-2,1772699;0,3018620;-1,7358500;-3,6822801;-2,3302200;-3,1563499;-2,7011499;2,1074500;4,9967899;-3,4924300;-4,1156998;-1,5670700;-0,9218830;-1,5879900;-2,2618599;-3,7955501;-0,9061530;-2,2841301;-0,2349080;0,6859500;-1,9499000;0,2996770;-3,1655400;0,0618799;-1,1669101;-0,8657530;1,6032701;-7,7026501;1,3391500;0,4388410;0,3707030;1,1312701;-1,1110200;-1,1839800;-1,6338100;-0,7616450;-0,5795110;-1,0117800;0,6384120;-0,2139980;-1,9346100;0,6339340;-2,4224000;-1,7932900;-3,8296700;-0,3918090;-5,2773700;-4,5175500;-7,4707599;-3,5664999;-5,0005202;-2,4936399;4,0777702;-0,4866950;0,1193320;1,0231000;0,2614200;1,9845800;-5,1637602;-4,1391001;-2,6796501;-0,7987210;2,1811500;-0,1494750;-1,8472800;1,7348500;1,1417100;-1,5558200;0,5133950;2,4814100;-2,5663400;-1,5427999;-0,4192710;-1,2052200;-1,2420800;-2,1325300;-1,4022501;-5,3610301;1,9596200;0,7902870;0,1089680;1,0900300;1,3414299;0,8134780;0,3463550;-1,6440099;1,0093600;1,4943300;3,4601099;-2,5834000;-5,8931398;-1,8874800;-1,3134800;-2,8256299;-1,4253401;1,8149300;-0,3464270;0,7832400;-0,2076210;-1,4236400;1,4266000;0,3457060;1,8443000;3,0701599;-1,2002701;-2,4834001;-1,0564200;-5,1154399;-3,7035899;-4,3170800;-3,7260900;-2,4113600;-0,7746400;-4,6839499;1,9629300;-4,2343102;-1,5609400;-2,6307900;-2,8635399;-1,6922200;-2,2461700;1,7214299;-1,1319500;-1,8265700;-0,0801544;0,5993700;2,2721801;-0,4231830;-1,6375400;-2,1001000;-3,9961801;2,1023099;0,3701600;1,5770299;2,3906300;5,2353401;-0,9072180;0,9533370;-0,9349230;-0,5652330;0,3907130;2,0928700;-1,5022500;0,1147880;-3,4459801;-1,3463300;1,6281900;0,1593750;0,0621982;0,4035720;1,3072100;0,6257110;1,5976100;1,8235400;1,5823500;0,7335420;2,0610099;2,3225901;0,5511030;2,0862100;-0,9704750;-0,2978220;4,2738099;0,8603410;3,5257399;3,4913399;-1,8827500;1,5230800;-0,1965480;0,5214430;1,1844500;2,9503801;0,2024550;-2,4359901;-3,8582699;-7,9720602;-6,7881198;-2,9985700;-6,3045301;-4,4517598;2,0141301;2,5853901;3,7541499;1,7086600;2,7369201;3,8136799;2,8385401;2,3694999;0,3080360;-0,7424180;0,7480280;-1,3463600;1,8322600;-1,0527101;-0,9990100;-0,9473610;-1,5542099;0,9847380;0,6850800;5,4393802;6,4727402;1,0267800;4,9096398;1,0312200;0,3168060;-1,0425900;2,8223100;0,5138170;0,6638660;0,7943100;2,3246801;1,6365700;0,0968981;-0,3446960;-0,7679850;-1,1941500;-0,2230060;3,5309300;3,9082699;1,1319000;1,4276500;4,7021699;1,6442699;5,2088399;13,6001997;0,7981500;-2,8166800;1,7794700;-0,4793800
44157;21605294;449544,200000000011642;5687295,200000000186265;331,0000000;0,0000000;1,1019700;-0,7391730;1,1675000;0,6795330;-1,0228500;0,9890770;-2,4411500;0,7304650;-0,4218450;2,9591899;-1,3551600;-0,8217350;3,0740800;2,6033399;1,3427100;3,0362899;0,9122450;2,1487999;3,6480899;0,0457220;-0,2554840;-3,1892500;-1,0903400;-21,7266006;-6,7675700;-5,4174299;-3,6368501;-3,3185401;-7,4826198;-0,1371780;-0,3482980;-2,0987699;-4,0319099;-3,0205901;-6,8287201;-6,3281999;-4,6070800;-8,0842600;-7,0348501;-7,9882598;-7,8825998;-7,1681399;-7,3694401;-5,4761300;-5,1126699;-3,1998200;-4,3953600;-4,3680701;-8,0660400;-7,8976598;-5,9673800;-7,4714999;-8,8811998;-8,3172703;-9,8771801;-8,8712301;-8,5617504;-11,0247002;-15,8656998;3,3463500;-3,1054299;0,5995720;-14,3267002;-8,4399700;-7,2501702;-7,2530198;-10,9525995;-12,3500996;-12,4338999;-12,5847998;-8,6918001;-10,5134001;-9,3057003;-11,2887001;-11,6278000;-8,7873697;-9,6319399;-10,5812998;-9,8023100;-8,7836504;-9,8212500;-8,2455397;-8,2978096;-8,3254604;-8,6852798;-9,8101702;-8,7836599;-7,4155002;-10,1001997;-8,9015303;-9,8124399;-8,7756100;-8,8553801;-9,5600595;-9,4172897;-8,8290100;-7,7937298;-8,0864897;-9,1971998;-10,6478996;-10,1014996;-8,5824299;-9,2982903;-9,1721497;-11,3127003;-10,2933998;-9,1778402;-9,7737503;-9,5432501;-8,5931902;-9,7685900;-9,8816996;-13,9657001;-8,8518496;-10,2187996;-9,9929705;-11,7697001;-10,6969995;-8,8835697;-11,1555004;-10,5256996;-10,5559998;-11,9266996;-16,3519001;-18,3150005;-15,8455000;-12,9792995;-11,6227999;-13,3338003;-10,5466003;-12,0333004;-10,7894001;-13,1862001;-11,7721996;-11,1599998;-12,7596998;-10,6785002;-10,3664999;-9,9859304;-10,3245001;-10,0474005;-10,9976997;-11,2549000;-10,8660002;-8,7979097;-11,1913004;-9,3350801;-8,8057003;-9,9121704;-10,3900995;-9,9930096;-9,6738701;-10,1603003;-9,4326897;-11,0166998;-7,0940199;-10,1254997;-8,5982800;-8,5311098;-9,7766199;-7,3579798;-7,4256401;-7,9255099;-10,0929003;-9,9878702;-10,9438000;-10,2453003;-9,5516996;-9,8600302;-11,3051996;-11,0367002;-9,6263199;-10,8415003;-10,6385002;-10,9242001;-10,6929998;-10,8949003;-9,3406401;-16,5132999;-9,3007498;-11,7198000;-13,0106001;-14,7258997;-9,2840405;-12,1049004;-10,4684000;-10,8970003;-10,1847000;-10,2965002;-11,8357000;-13,6105003;-10,6702995;-14,2428999;-11,6244001;-12,8443003;-10,7749996;-10,5560999;-9,0466995;-9,6903296;-9,3915300;-8,1825504;-10,1409998;-8,4869804;-8,8110600;-7,4107399;-8,2253904;-8,7366800;-9,9786701;-8,3244305;-7,8457899;-11,1091995;-8,9999905;-8,5221596;-9,1118603;-6,9203000;-9,2927198;-7,5566802;-5,1538401;-7,9255700;-8,5163603;-5,9876399;-7,2746201;-7,4951301;-7,8269801;-10,8565998;-11,2110996;-8,8761702;-9,2931099;-9,5816097;-9,2302704;-11,3584003;-10,0907001;-10,7325001;-10,8698997;-9,3594599;-12,8760004;-10,4584999;-13,6546001;-11,1738997;-13,3246002;-10,2214003;-12,6843004;-10,0330000;-9,4603500;-9,9146404;-9,6871500;-9,6093903;-10,7229004;-12,3023005;-12,9392996;-13,9219999;-12,6970997;-11,6281996;-12,3813000;-11,1177998;-9,8122196;-9,8016796;-8,1787596;-7,8553901;-11,0500002;-9,1011600;-9,4635601;-9,0717497;-10,7428999;-9,9615097;-8,8833599;-9,9879704;-7,0742002;-9,0606003;-9,3061600;-7,2130899;-9,2052402;-9,0259199;-7,2297101;-7,7853599;-10,0445004;-9,3460999;-9,3480301;-9,5722799;-10,9300003;-8,3671503;-7,0232701;-8,3287201;-7,6044598;-6,7984900;-8,0487900;-8,9598398;-10,7881002;-11,1421003;-8,8433304;-10,0811005;-7,8585000;-9,6909504;-10,6239004;-10,4948997;-10,2587996;-9,3876600
44158;21605295;449431,299999999988358;5687321,400000000372529;364,8999939;0,0000000;-1,1971900;-12,3170004;-1,3000300;2,1126001;0,7731580;1,5665600;2,0112600;3,4547601;1,2721300;2,4798200;-2,0331900;3,0118301;2,4856601;3,0075500;3,1601601;2,5804601;3,5588901;1,8540800;0,9286230;0,6842120;0,0746368;1,5572400;-0,3019190;-0,0027489;-0,8413780;0,2299240;0,2854960;0,7216980;-0,5641350;-0,4726080;1,2364700;-0,2860740;2,5236299;3,8999600;2,8383400;1,9760500;3,0477300;4,2698302;4,2800498;1,0500400;3,0454299;4,5373502;0,5049810;6,1784601;2,9865000;6,3221798;2,5150800;3,2940300;4,1236701;3,7633100;4,0089798;3,2772501;2,2251301;-1,0727201;2,1042900;3,5063100;3,4726200;9,9508104;-4,3374801;2,4356899;-2,5881000;6,6901999;1,2571599;0,7885060;1,8376700;3,9663701;4,6106801;3,4818699;1,0846601;0,2762610;1,9176000;2,8639600;1,2395900;-0,6944100;-1,8878500;-0,0339791;-1,7527699;-0,2606370;-0,1213910;-2,3749800;0,2133540;1,9214000;0,1369990;0,3309520;0,5836170;-0,3019020;-3,8527901;-4,7108102;-5,7153602;-1,7527601;-1,4125299;1,4258600;0,7310680;3,1203499;-0,6224590;-1,2078800;-0,3171980;1,1710700;-0,9114720;2,2507300;0,9427490;1,9559700;1,2678100;2,3136301;1,6413300;1,7624500;-1,9844199;2,2003901;-0,9273100;1,7456800;-0,5399870;2,5364599;0,5681260;1,6241100;0,3409650;1,2130100;4,6009402;0,3582850;2,4851301;6,6944299;1,6581000;2,1460299;0,3729890;3,2289600;-0,3471130;-0,6282470;-1,4901400;-3,9138401;1,9545100;2,7895200;-2,4722099;1,1691000;1,6866000;1,5717500;2,4230299;-2,3308401;0,3763870;2,1677401;1,8782099;2,7266300;0,9609410;0,8977060;-1,9808600;2,0228000;3,5351801;1,8115000;1,5451300;2,0321600;-0,1823550;2,2689600;2,4238300;1,3013600;1,5963399;2,8072701;2,6607699;1,9180599;2,5905001;3,4717300;1,8188200;1,9641500;4,8408899;0,4175660;2,4562600;2,6263499;2,1537199;5,7410202;0,7345350;1,6538000;4,3940001;3,6410601;1,2058001;3,7006299;0,7008690;3,3778701;3,3246300;0,0386100;2,4733601;0,8365620;3,0664501;2,4401801;-1,5277801;2,2692201;0,8382330;-0,3776170;1,3407800;-0,3168460;4,2515402;1,0782900;2,6415200;0,6431970;-0,2549510;1,3159600;1,6998301;2,2493601;2,5151300;1,0557500;2,1902900;1,7652500;-0,7750610;1,8654500;1,2171900;2,4722300;-5,2195601;-3,5295501;1,8257500;2,8273399;1,0192600;0,8347410;3,2531400;3,2948501;1,6672300;-2,7855999;1,7908000;0,9020450;1,4306099;0,3726720;2,0789199;1,3489000;2,6518900;3,1315899;1,4512500;-0,7170440;3,1578701;0,5388670;4,0808201;0,0271204;0,2160230;1,5262901;-0,0661908;0,6537330;0,6832030;-1,1633500;0,3668830;-0,9909880;2,6526799;0,5438590;1,0173301;0,8364040;1,2981900;-0,6155560;1,4739200;-1,9072599;3,5594499;-0,1898100;0,7800250;1,4132700;0,1337700;-0,6908950;1,0682700;2,3482201;4,0728798;1,8955899;3,0957799;0,6039570;1,5027200;-1,5301400;0,2026340;-0,7978070;1,7314800;-0,3691120;-0,9754170;-0,8829600;-2,9315200;-2,2716501;-3,2142999;1,9411300;0,9569010;6,9479899;-1,9732900;2,6241100;5,5950699;3,7535400;4,6861000;5,8951502;8,1157598;3,8438900;3,4917700;4,9962401;5,0148001;1,6798100;2,6867700;-1,4610600;-0,9958970;2,4812500;2,8829100;3,0093801;-2,5232201;-4,4075198;0,0421232;0,6394890;2,1950400;-0,4587540;0,0674282;0,1377820;0,1199210;-0,6956020;-3,1818399
44159;21605296;449421,400000000023283;5687316,099999999627471;343,1000061;0,0000000;-2,5193901;-4,6161599;2,3845501;-13,9698000;0,4420150;-4,9792800;-2,6422200;2,3870201;7,2919898;5,9994798;-3,0986099;4,3402700;-5,9979901;-10,8218002;-14,3773003;2,7754800;1,9488200;-2,3064699;1,7406600;-5,3108602;-4,7391601;-1,4392101;-1,8775600;-16,2402992;-4,1798501;-16,6732998;-6,9868102;-3,3302701;-3,9270101;-2,0864601;-0,2390140;-12,8780003;-2,6798000;-1,4247600;-3,3720601;0,7554250;1,7455800;3,0581100;0,5896380;-10,8690996;-2,4140699;2,1011300;0,4315740;-1,8102400;-2,0570800;3,8023200;-2,2217100;-0,7767620;-2,8817799;-0,5848080;-10,2612000;-2,8758900;-0,8553800;-1,7776800;-6,5696702;-15,3471003;-2,6509800;1,7621800;-7,7403698;-5,7697401;-13,4020004;-0,5888200;-5,7837801;0,8742740;1,4867800;-1,5946000;0,0508552;-10,7980003;-1,8109200;3,0088601;5,2400498;7,8581200;-2,5129700;-4,5742998;1,7974000;-0,1442330;-2,9253099;-0,9134330;-4,2999902;-5,3837800;-1,3601800;-1,4188499;6,5224199;-0,1073490;4,2363601;-8,2739801;-0,8009710;-0,2123500;-5,0203300;-4,3861899;-4,7014198;0,2294190;-5,8422899;-2,2019501;-1,7268600;-5,0800800;-6,7639799;-4,0686202;-0,7127910;5,7052002;-0,8665960;-2,7614000;1,2105200;3,4523201;-0,4553670;-5,7252998;-6,9350600;-4,6356301;-1,4448100;-1,5998300;-1,3217900;-11,3470001;-5,9990501;1,8996000;-3,2346301;-8,9982204;-17,3185005;1,1622601;-10,3446999;-0,2514130;-6,9576101;1,5264699;-0,7692360;3,5411799;2,8973000;-10,4994001;-13,7094002;4,9341998;-0,6603250;2,6808100;-9,7309599;-1,4758500;-3,9052601;6,3658099;2,8380599;-2,6815600;-5,8336501;3,4282300;-3,1200500;-11,6375999;-5,4380698;-12,9872999;5,3996601;-6,2553902;-7,1542702;-2,6607001;0,6107140;5,3679399;3,0095999;1,3671401;2,4384100;-3,2976799;-5,4238501;2,4182000;1,7713000;2,5055399;-0,3747120;-5,4031100;-0,0323505;-3,5239000;-0,4218370;5,2601700;-0,7141540;-0,7192010;2,6053100;-1,8100100;-4,1792302;1,0504700;-2,1822600;0,9861020;-1,9896500;0,9834820;-1,6531700;4,1475000;-3,3885901;-6,9825301;-3,5865400;-7,2697201;-3,5312099;0,7758030;-11,6336002;3,5066199;-3,0216601;2,6893201;3,9577401;-5,8930101;-8,2543697;-6,4501200;-1,0617900;0,8992000;1,8094100;-5,3219600;-3,0122600;-0,7998540;4,3429298;-3,5453401;-6,9222102;-1,4224401;-0,0502310;-2,8822701;-0,4217640;-1,6246200;3,8766201;-0,2298710;10,7222996;0,5928150;-0,1613730;-2,1596401;-4,4075499;2,8254399;11,9320002;-1,9732500;2,3047199;-2,9830699;2,4987700;6,4754500;-4,4004102;3,6197000;2,3264401;-2,5357101;0,0997880;-1,9774500;-0,4349350;-4,1121101;5,5220599;0,7156040;4,3171802;6,7013402;-1,5442899;12,3266001;0,7531070;2,6444700;5,5707202;0,7859060;-9,9442797;-0,2216920;-1,1955800;0,0834966;-1,6568700;-1,3204499;-5,6123700;-2,0641999;-1,4631100;-0,1078390;-7,5996299;-5,2807298;0,9376260;-3,9862900;-5,0021200;-2,4022000;2,0645700;-1,2736200;1,4728200;7,7675900;2,2944801;-9,0356398;0,4240590;-1,2217200;0,1731530;-2,9871700;9,4843798;-1,9387000;-3,9296899;-1,9447800;-1,0460700;3,3051400;3,7017500;-0,3636930;3,5340500;2,5073400;-0,1764150;-3,7261200;0,3501380;3,0239201;2,4149599;0,2979200;-0,3947350;0,4865640;-1,5704499;-0,1961880;0,2742330;-4,3017602;2,0990200;0,4388150;3,1527200;1,3698200;-0,1874290;-2,2763500;-0,3203130;-1,1643800;-0,3081170;-0,8042650;-1,1617700;-2,4634299;-2,1543500;2,4201601;1,6176701
44161;21605334;449446,599999999976717;5687308,400000000372529;368,6000061;0,0000000;-0,1825390;-0,6571660;-1,1325300;-0,6818590;-0,8008740;1,1797301;-0,4641670;0,4720340;-0,8303340;0,9431200;-1,2855600;0,9529650;1,1674500;-1,1126500;1,2278900;-0,2446450;1,2968900;0,0766351;-0,5382300;0,1903460;-0,4665470;-0,0758107;0,7165040;-12,5953999;-1,2216700;-2,0342300;-0,5920970;0,1872320;-1,7869400;-0,3804890;0,2039670;-1,3375100;0,0442669;1,2527601;-1,7342900;0,2138550;0,4409180;1,0383101;0,4360890;-0,8278810;0,8132780;0,8850080;0,7474050;1,9502900;1,0360700;1,8304501;1,2357900;0,3917120;0,1821400;1,3927200;-1,6932499;-0,4322470;0,3706420;-0,5726390;0,3493120;0,0651422;0,5359740;-0,1190510;-8,6410503;6,1789899;-8,2321396;-9,8100595;-1,6606899;-0,6200850;1,2681000;-0,3734530;-0,7796190;-0,0558918;-0,7715630;1,3027400;0,0855412;-0,1680650;0,2314690;-0,8231000;-0,3135420;0,0903740;-0,1698540;-0,0440586;-0,6575980;1,6196300;0,9904850;1,2944100;0,3183660;0,8905540;1,5577500;1,9096200;-0,5247240;0,6177350;-0,9211020;1,6900400;-0,6709630;1,5809300;-1,4938600;1,7717900;1,8220299;0,1917330;0,5413040;1,7595400;2,1724000;2,1120601;0,0487268;0,2505350;1,5669700;1,7450700;2,0478499;1,1572900;0,8274870;1,1265301;0,5657860;2,6523800;0,4351090;1,5374700;0,6592630;1,7408100;0,8174890;1,5575900;-0,0836418;1,2569300;0,8327960;-8,1820402;0,0407841;0,1601990;0,6175970;2,7239900;0,2285050;-0,0828984;-1,2492599;0,2101370;1,0679500;-0,3122470;-0,8417300;0,7808850;0,3849560;0,3290230;1,7316500;0,5779570;1,8409600;1,9448000;1,1451300;1,1037500;0,6394770;2,4230399;0,5109300;0,3456470;1,6933100;0,7211160;2,2972701;2,4492300;2,3005099;1,5784800;1,9842700;2,2398400;0,5572520;2,2902701;2,8038900;2,1252899;2,4431601;2,2848201;0,5381530;3,2718301;2,9830501;2,2770400;2,2945299;3,4614100;2,8737400;2,9302001;1,2929500;1,7140700;0,6261090;2,7860999;1,4698900;1,1286300;0,4722410;1,0073700;1,2144400;0,7395880;0,6655220;0,2859930;-5,9197001;0,5885050;-6,5852900;4,2735200;0,0082276;-1,4133700;1,5502900;0,2612230;0,0459886;0,0551171;-0,1021440;0,5321020;1,6357100;-0,1241030;1,4719700;1,6633600;2,8536899;2,1084800;1,6226600;-0,1842280;0,9218010;1,8690799;1,5658100;2,5659001;2,8912201;0,5111080;1,7601900;3,1501999;2,7013099;2,3792901;2,8312099;3,9804800;2,3478799;2,4407101;2,9696300;2,0103199;3,1555600;3,2900600;2,7341800;3,3104200;3,6427701;2,7724800;2,3865700;2,0209000;3,2837501;1,2374600;3,8975899;3,5397401;1,6798800;3,1507001;2,3113401;2,6131001;2,5122800;0,4286280;1,8137900;1,9500999;0,1726000;2,4846101;1,7313600;0,4240380;0,5166920;2,3568201;1,2821200;-1,5290999;1,0892700;0,9354130;-0,5688850;1,1084900;-0,5509310;-0,1284790;2,9739001;2,5289400;2,0884800;2,5717399;2,6907899;2,9755800;2,4711900;1,2829800;2,0965199;1,0195301;2,6043799;0,3522660;2,4746201;0,3169110;0,5250000;0,3639860;2,2222099;2,7385700;2,9351299;4,1117902;2,6299000;3,4118800;5,0242600;3,9120700;5,1806002;3,9068401;5,0835600;3,4572201;4,1310802;4,1160898;4,3861098;2,8458400;1,7986200;2,6618800;1,8035500;3,7792301;4,8452802;2,6000600;2,9711201;3,9629099;2,0430100;2,7257199;4,1727400;2,0846701;0,7900220;0,6952290;2,8791001;0,9773900;2,0430901
44162;21605335;449434,900000000023283;5687310,299999999813735;369,0000000;0,0000000;-2,2354400;-2,7527699;-2,3845601;-1,9129400;-1,3669400;1,2431600;-1,3362200;-0,3522740;-0,7662680;0,1459900;-0,8827100;-0,4009780;0,3427300;-0,2469230;1,1191900;-0,3591670;0,2414820;-0,6789560;-0,9918430;-0,4073140;-1,8508500;-0,1918080;-1,8967299;-16,6121006;-0,8241270;-2,9224801;-1,0206400;-0,7054090;-2,5188100;-0,1954780;-0,4048190;-1,7230200;-1,6969100;-0,3616150;-1,7635400;-0,2685980;0,3096800;0,9026230;-0,9519250;-0,0730276;-0,4939950;0,8676450;0,2931390;2,0854399;0,4269390;1,2443900;1,4877800;0,4440630;1,7719800;1,5743901;0,5599090;1,5911500;-0,4479830;-1,1898500;-0,3582500;0,1527380;-0,9536320;-1,8746200;-3,4462099;10,7088003;-2,1603200;-2,2399399;-1,3554800;-1,0583400;-0,1388770;-1,2505000;-0,9871500;-1,7201400;-2,5012801;1,3338400;0,0014408;-0,3090650;-0,3001950;-1,2097700;-1,2525400;-1,3800900;-0,3227080;-1,0378799;-1,7662899;-1,1809000;-0,8068320;0,8476390;1,2288001;0,7552900;1,1382200;0,9724590;-0,9172460;0,6935590;-0,7644570;0,0333228;-0,7333250;1,1780800;-0,9997890;1,3084900;0,7542520;1,1191100;0,6687270;1,6662800;1,2751300;2,3693299;1,0082400;0,6250940;1,0644900;1,6375400;1,7407399;0,4818410;-0,0826609;0,3425250;0,2034540;-0,3185500;0,6449740;1,6327600;-0,3580720;0,2864150;-0,1226570;0,3951570;0,5716940;-0,8632840;0,6208890;-2,0927601;-0,9465300;-0,8229980;0,2325030;1,6320300;-0,3626900;0,6962070;-0,6357490;-0,8137490;0,7333270;-1,0397000;-2,1280701;0,7098520;0,1146890;-0,3685480;2,3355100;0,8085760;1,4298700;3,0890501;0,8091160;0,5585530;0,0252385;1,9600600;0,0145853;0,6212860;1,8018700;-1,2132699;0,3963970;1,5614400;2,6059101;2,6829801;2,5027101;2,4781699;1,7516100;1,5150000;2,7376299;2,1480200;2,3833001;1,7093400;1,0787801;2,2754400;2,1813900;2,4602001;1,2096800;3,2781100;3,8203001;3,3641801;0,0513411;-0,1115040;1,7817400;3,1691999;1,7188600;1,2424500;1,7349000;1,2032700;1,8622700;0,7830420;0,6444000;1,4917700;0,9455650;0,9651970;-0,4022770;3,3988500;1,3880900;-0,0119185;1,6978800;1,6370900;1,9164600;0,8387780;-0,9022660;0,5874190;0,9346010;0,7928810;1,5139600;2,6704400;2,1321700;1,0104001;1,2910800;-0,1394550;0,5738800;0,7700680;1,7346801;1,9300200;2,3351200;1,0406700;1,2426300;2,4922900;1,9367400;2,3535800;3,3913901;3,9330399;1,7845401;1,7848600;2,1273000;0,9871470;2,2334900;2,3130801;3,6753900;1,6366200;3,1484699;2,7918401;2,3358300;2,3866799;2,1045899;2,7927499;4,1411200;1,8708800;2,4338901;1,5239300;1,9816400;2,7590001;1,4996400;1,6946501;1,0046099;0,9091160;1,8564800;0,7999050;1,1948200;1,0036200;0,9137920;2,1162300;0,5519730;-2,3302901;0,8273460;0,2098580;-0,1377800;2,0471001;-0,1768900;0,3743020;1,3210900;2,5352700;2,6486399;1,6951200;2,5766101;1,6921700;1,7918700;0,5820340;0,8870660;-0,1834810;1,3233800;-0,2329160;1,5352900;1,5997900;-0,3057880;0,0457351;2,3081100;1,6633199;1,1627700;2,7523100;1,2401000;2,5229499;4,0258498;4,1690402;4,6470699;4,8006701;3,7482700;3,5122099;6,6783400;8,6062899;4,0034099;4,2948599;1,2057300;4,2270398;1,7247400;2,6538601;2,9345000;-0,1500070;2,2667100;3,1085000;1,3533400;0,6266570;1,5371701;-0,8819110;-2,0452900;-3,0238400;-0,1891090;-1,9921800;-0,7382970
44185;21605554;449446,299999999988358;5687238,599999999627471;375,1000061;0,0000000;0,5240730;-2,6436701;3,2402999;-1,8136300;1,0523900;-3,2168801;-1,4345599;-2,6385601;-0,1660250;1,1705400;1,3291100;0,0195942;1,4690599;0,6768240;0,8759740;0,6423410;-1,6953200;0,4305230;2,6018901;-1,6142700;-0,3522900;-0,8156860;-2,2140901;-9,7726002;3,2440000;-1,8635499;-3,4781699;-1,1046300;0,6389950;-2,3750100;-1,2169300;1,8856200;0,7778790;0,8940130;1,0315500;0,6149740;1,3788800;1,8935100;1,0739599;2,6434200;1,0395401;6,0382700;4,0423999;5,4724498;0,3909310;1,2071700;-0,9627150;1,5212899;3,8494899;0,5925970;1,7155900;3,7657001;12,3050003;5,2970400;5,6597800;4,3999901;5,5737100;-3,8605001;-1,5093100;3,6813099;-8,8384199;-2,0846200;7,1790800;1,9772900;1,8005600;3,4312301;-5,7856798;-2,3641300;8,1919804;0,8449340;3,2322500;4,1853299;2,8508999;2,4987600;4,0694199;1,4534900;2,0711999;0,5407520;1,3068600;1,2717500;2,6180501;0,8229150;1,8165300;0,9316870;4,8830299;3,8362100;2,5121601;2,3392799;2,7099400;4,1659298;2,8222899;2,1758299;2,7039700;3,3602300;2,2508299;3,4220901;3,2178500;3,3852999;3,7946601;4,1971798;3,6732700;3,1046200;3,5978200;2,9778099;1,7285100;3,4294000;3,3615799;3,9434500;3,4216800;1,2442700;2,2281699;3,7593701;-1,2979900;1,3057100;3,4316800;1,8895100;3,5938900;1,0685500;1,4049300;3,1038499;0,4090000;2,0920100;4,2581801;3,7485600;2,7526901;5,6667299;2,8375299;1,7619200;1,9299400;2,8723300;0,9154610;1,8194000;2,0488100;0,2775540;3,3659999;-1,2337500;3,3067999;4,1021399;2,2961299;2,2035401;2,7857399;3,3272500;2,4376600;3,5946801;4,8770099;2,6098599;3,5683899;4,0365200;3,2280600;2,6348200;2,9757600;3,7163701;4,8054500;4,2202902;2,3988800;5,5221801;2,9550500;2,2750599;6,2727499;5,7633600;4,8969302;4,2193699;4,9061899;3,5032499;3,1321499;6,8915501;5,9486699;4,8096900;6,2354202;3,6533201;3,8281300;6,1666799;6,1255999;6,2146702;4,9891300;5,7800002;5,8982701;4,0855398;5,2526498;3,5866301;4,0808902;4,0572400;4,7329202;3,4520600;4,0980401;5,3586898;4,6018500;3,2347701;2,1161799;4,3308802;4,4305601;2,8517699;3,0244300;3,0950301;3,0993900;4,7116799;4,4187698;5,4631400;3,4728899;4,9819002;4,7608299;4,8112898;6,4439201;4,9061098;3,4954801;2,6456599;4,5657701;2,5820601;3,8274801;5,1394801;3,1010101;6,9252501;4,0801902;4,0552502;5,4622102;3,0153201;1,4608400;3,6323800;3,7601800;6,2130799;4,2517800;5,1832099;5,0908599;5,1300302;6,0132098;4,6964698;5,3196602;3,4255300;5,0530400;3,7579999;4,2206898;2,9640000;0,7445930;4,9043102;4,1607199;4,2986798;5,7808800;-0,4881010;4,6691399;0,7138060;7,6104398;2,4070201;6,3213401;6,0665102;4,4318600;5,8156300;4,4485898;4,9335599;4,6959100;3,6369700;1,5856301;2,3808401;4,1248698;3,6854000;3,3631101;2,7323999;2,5774701;3,6645300;4,3058801;2,1091101;4,1292601;4,3295102;4,7461901;2,6483300;5,2757301;4,3661299;3,0910399;3,6369400;5,9112701;4,8466401;3,3491600;4,0944600;5,5915198;3,0154600;5,7265501;12,7122002;6,9570398;5,4788198;4,8888998;9,7056999;3,4393001;7,7292500;9,9764900;19,8724995;3,3748600;3,4337201;9,2612400;-5,8164301;8,2193804;-4,9475799;18,5919991;14,8063002;13,4426003;13,9159002;13,6747999;12,4827003;13,0988998
44186;21605555;449444,500000000000000;5687246,900000000372529;370,5000000;0,0000000;1,5101300;-2,2121201;-0,1523450;-3,0262899;0,2734400;4,1534700;1,9727499;2,4520700;-0,6540330;2,7376499;0,0507188;2,3250699;3,1675799;-0,8612640;3,3301899;2,7635000;2,9544899;3,0688000;2,3520701;2,7469201;2,3792901;1,3146000;1,2640800;-9,4508305;3,0206499;1,8600500;1,1045400;1,2269300;0,0960269;-0,7102550;-0,1670430;0,2363160;0,3786040;3,2033100;2,5289600;-0,4480590;3,3578401;2,7982600;3,0637000;3,6281099;1,7159200;2,4162400;5,4088998;6,1534100;3,2043900;3,3333299;3,9495800;3,5739300;3,7580900;3,4102600;4,7978902;5,6708698;2,7544100;4,0193801;6,3002901;6,3202801;5,5575600;7,0115099;8,6207800;-4,1518302;12,3676004;16,0977001;4,9347501;4,6384201;6,7477398;5,3240299;2,4414999;0,4076090;0,9400060;2,8259301;1,4192899;2,1241801;5,2354298;1,9730000;1,4273900;2,0887899;3,5892799;2,8361399;2,3945601;4,3349600;3,2217200;4,9184399;3,8524899;3,7220399;5,0088000;3,9207201;1,8158500;5,1534200;2,2611799;4,3809700;3,7752500;3,4390099;4,3846502;3,1054299;4,4055400;5,5219402;5,9014902;4,7072401;4,7972002;2,4600501;6,3347802;4,5820498;6,4046402;4,0514498;6,6967301;7,3626399;6,3357201;5,6651402;6,2387099;6,4814801;3,9440501;5,5665698;3,2055099;6,6723700;6,4963498;3,4658599;3,3473201;2,2176299;5,3988500;5,6438298;4,9680300;5,4117098;8,0477896;9,6278496;4,7444100;3,5196300;3,4253900;1,0483900;5,8314600;4,3201299;1,4072200;3,6299100;2,6960399;2,3813400;3,5271101;3,7692599;5,6618400;3,5049901;3,4659600;5,9629302;3,7799001;4,3525000;2,5228000;3,7646501;4,5453801;3,5371301;5,6140399;4,7890301;7,3620701;6,5755100;6,0953002;5,7956600;6,2341900;6,5053902;5,3065300;5,0799298;5,3082099;5,1055598;6,5554700;6,8336601;6,2096801;4,9940100;6,2599602;5,0108099;5,8765802;6,4226499;3,8469501;4,0876198;6,4780798;6,9680300;5,2487602;6,6567798;5,3869700;6,5000000;5,5146298;5,0908499;5,7649398;6,0035000;5,0966802;5,7865100;3,3873100;6,1302299;6,9728098;5,1179099;6,1539402;5,8082199;4,6282501;3,6724701;5,6654401;5,3779602;6,7508101;4,1691499;4,8836999;3,7340000;5,4958501;5,6514301;4,8460398;4,3034501;4,7657700;3,1454301;3,8725500;4,4976401;8,5398397;5,2728601;5,4384799;5,5352702;5,5642700;3,4962599;4,9669299;4,6979699;3,4674699;5,2835498;6,7744198;2,2253799;1,9070600;4,1778002;4,8922200;6,1737900;5,4330101;6,9701500;7,7900300;8,3197403;6,6020098;5,3667798;6,6874499;8,3891602;6,1223402;7,4489999;6,2306399;6,5051098;5,3914700;6,6562600;4,5932498;6,4363298;6,1741500;6,4985700;5,9936800;3,1707799;4,0636201;6,8908100;5,4853501;3,6338999;4,3531399;3,8020599;4,8840199;3,6935201;5,3737202;5,5945601;5,9074702;5,8758502;4,6221299;6,1429100;7,2044601;7,8296900;5,2025700;5,3973498;6,4898200;4,8356299;4,9502101;0,0606685;3,7565999;6,0413499;5,2488298;6,0596499;7,4577999;5,0890999;6,2118101;4,5661702;5,1202998;6,3354001;6,2614002;6,0889602;7,6132698;4,7572999;18,7201004;0,8910920;5,2678599;-4,3569899;-7,7773800;7,4365802;6,2810702;-2,5960000;1,6487499;8,5258503;1,1205000;18,2056999;0,1449910;-0,5751960;18,2521000;15,1497002;-1,3779100;-0,5564510;-0,4305190;-0,8231790;-0,8112380;-2,7742400;0,7123770
44194;21605643;449427,900000000023283;5687227,700000000186265;366,7999878;0,0000000;-1,5252399;-0,6332650;0,1863390;1,6644900;0,4141940;-2,7367699;6,6582899;3,5348001;1,8488200;1,7727799;4,8529401;1,3784600;-1,4620600;4,4881501;-0,0525293;4,5974302;2,0910499;2,2074699;3,1697600;-2,7058201;4,6757598;0,2692030;2,5439899;0,6964500;4,7985802;3,5836599;5,1966000;3,0611501;5,5891199;2,4663401;2,3577800;0,8163720;0,0475321;-2,8033800;3,3409700;1,9066600;-7,4489298;3,4112899;-0,2036710;4,6004300;9,9824600;0,3869320;4,2241402;0,3971470;3,7765701;3,1804399;2,5502801;2,3646100;2,2087700;6,8149300;4,2424998;-4,4647498;7,7447801;6,2300200;0,5161350;0,4832410;5,5703101;2,3109100;2,1105399;-8,1257000;12,8132000;7,9136901;1,1750200;-1,4642500;2,9702799;-1,0897400;5,0346699;0,1212740;-4,8412099;-3,8847201;-3,3084800;0,4131250;0,5161460;-2,0636799;-1,0455800;1,9137200;1,9218000;1,3428600;4,1573300;-0,6660670;14,8500996;1,4912200;2,9437101;3,0682700;0,7685650;-2,4700201;2,1853800;2,1581800;5,3384299;-0,2925450;6,6781201;1,2200700;2,4842899;1,6527500;3,9306200;4,1317201;4,0475602;-1,0490500;3,1192701;-2,3855400;0,7889440;9,8718100;-0,6468430;-2,1947300;0,7010560;1,3515400;-0,3181790;-0,5468620;-0,1521930;1,3771700;3,2679100;-0,0541086;5,1988702;3,7367301;0,8092460;-1,3195900;5,4779801;15,0999002;3,8053601;6,7091198;5,1018400;5,4004402;-1,8514800;13,8460999;15,5894003;13,5669003;1,4600800;-0,0449877;-1,7661099;0,4447300;4,1691399;1,1232400;0,1535720;-8,9993601;3,3395500;7,5891900;-2,4929399;4,2905002;5,6794300;11,5223999;3,4062300;-1,0905600;4,3447099;3,3577299;-0,4796300;5,1035399;0,2431080;-0,3379090;2,2411599;5,7257500;3,2713399;7,4583001;6,2060900;2,7124500;3,6223400;2,7077000;2,5303199;3,3483901;3,5343900;4,3775601;4,2415099;5,3872900;4,0639300;4,4481702;7,2876101;4,1078000;4,9597602;6,4317098;3,0421600;7,7803502;5,4802299;2,5054300;5,5932798;2,7791600;4,2877302;1,0524100;4,5478501;0,3021010;5,7163301;1,2175100;11,4770002;1,7127200;11,6962004;-3,0701599;10,6826000;-7,6802001;1,0924100;8,7243099;4,7288599;13,9054003;13,6412001;4,0736198;-0,1353520;4,2202702;17,2353001;-0,7593810;0,3671580;4,8773098;-2,2706001;2,3424201;2,5385201;0,6664590;14,2489004;2,8018999;-5,7250400;-2,8315301;12,4182997;7,7055302;2,6320300;1,3788000;8,8430099;4,6083102;5,7493701;6,3914700;18,1504993;9,9420795;9,2031603;4,9528399;6,2611399;4,8252902;5,0511498;1,1922300;5,0164599;7,0699000;6,9422798;-0,0042081;8,1947002;5,7204499;7,9267702;5,3619699;2,7162099;11,2826996;3,6608901;6,2706499;7,8565798;12,5927000;4,5692101;6,5777001;8,9631395;2,2826099;0,7596990;10,4792995;11,4076996;-0,7604020;5,8015699;-7,8530998;1,3486100;-0,2141380;0,0784388;-8,3138399;11,5145998;-6,9900098;11,1057997;0,3957000;8,2613497;5,8147001;3,5807099;5,9992399;-0,8204820;7,9293900;4,3616700;4,8042202;6,0540099;2,3372700;3,4411299;4,8050799;4,5245399;5,4917598;5,7261400;6,0458698;1,6193800;5,6163201;3,0227399;4,0543599;3,3515501;6,5009899;6,3391299;1,8067501;8,5865402;-2,1124599;2,0746701;3,3746600;5,8776002;3,4561100;7,0455699;6,9186802;3,2474401;-3,9122300;-1,6762300;2,3420899;4,6339402;3,2422400;3,3659699;3,7892699;1,7574400;2,1308501;2,2291300
44195;21605718;449457,400000000023283;5687199,500000000000000;375,2000122;0,0000000;0,9828470;0,1048260;-1,4673300;1,3666000;0,5446380;1,7624100;-1,4049400;0,2178380;0,8969500;2,4098401;0,8755040;-0,1684500;1,7897300;1,4847100;1,5645400;3,8814001;2,7214899;-0,3851510;0,3345580;1,0507200;2,1214600;2,6848900;0,7208110;-7,7106099;0,0148706;-0,1686210;-0,6799650;0,7138950;0,4918240;0,2713190;1,3787800;-0,1409450;1,5191801;1,3749599;0,7737090;1,9174000;1,9978000;2,3276601;3,3881600;3,8409100;-0,1999480;3,4643600;3,9647300;3,2038500;3,8873200;3,1857500;4,0444899;4,5216599;4,6992202;3,5761299;5,3742199;6,0973101;1,5536799;2,7732000;5,6209998;3,9827800;2,3842499;-5,6396098;1,0024300;-0,2265460;-8,8932695;-8,4728498;2,2033401;2,7795200;3,4661100;3,7499199;0,2645110;0,2770480;-0,3749490;2,6823499;2,1458001;0,6759240;-0,0274029;2,0465901;2,2969100;3,1701000;5,0012298;2,4586501;1,7845100;3,1878700;3,0149100;4,4257398;3,7962601;3,0240901;3,2200100;3,0384099;3,5927801;5,7787900;2,5998700;4,0268302;4,4648800;2,5104001;4,9311800;2,8405199;5,0355401;5,3797302;3,8713200;5,3996501;4,0601301;4,7148499;7,1730499;5,9485402;6,1745000;5,7663698;7,3985100;6,2780399;6,4067702;5,6589599;3,4570899;5,5080900;4,7780499;4,2472200;5,4850302;4,5334401;3,6606700;1,1527801;2,8996699;4,5552001;3,5873699;5,7265201;4,5597200;1,9634500;5,3106899;2,4380100;5,5940399;2,4783900;3,0738599;2,1087000;3,3538001;3,2162900;3,8542700;4,4716802;4,9533801;2,9921899;3,4358001;2,9872401;4,1097598;3,3605900;2,4285400;4,9139700;4,4352999;6,1611099;3,9227901;6,0611200;5,0525899;2,9595799;4,7876301;3,8306100;4,2097402;3,9719300;4,0387101;3,8134601;3,4466100;4,6989598;5,1291800;3,9173400;5,1968098;4,7416301;5,9518499;5,0451798;4,7750401;5,1446400;4,0430298;5,5901599;5,5394802;6,5336900;5,4851799;4,7688198;7,8998599;6,2825999;4,4980402;6,2678499;5,4459000;7,0097399;6,4041600;5,6252499;5,7785001;5,5171900;5,1324701;5,1754398;5,4927802;3,4652901;6,5928798;4,5552602;6,8999801;6,2237802;5,1906600;3,8821700;3,7810299;3,8804100;3,6082499;3,9786999;4,7345800;3,7003200;4,0106902;6,0145502;5,3227100;5,4805398;4,6133599;4,5444698;3,9936299;5,7916098;5,3752599;5,6936402;4,4856100;4,9312901;6,0050402;4,4552798;3,3548999;5,1054702;3,0754299;5,3821001;5,8082399;4,1826301;5,1810799;5,7758002;5,0559201;5,4132099;5,1423001;7,0809898;6,6555600;7,2883101;5,9417701;6,2580199;7,3027701;7,5397501;5,0067301;6,4027400;6,5148001;6,3241901;7,3799601;5,6191602;6,2369699;6,1667099;4,8870802;7,0334201;4,5126300;4,9562302;5,8747602;7,0457902;6,8548002;2,6326900;5,4578900;6,0145702;3,8411000;7,3171701;4,7020898;5,3512602;5,5286398;5,9797401;5,3133798;5,8912401;5,4246502;5,3802900;5,6503100;4,6638999;5,8426199;6,1638398;6,1838398;2,1044600;4,8517098;7,4623799;5,5828300;6,4690199;8,0673800;5,2246900;6,6553898;6,9658899;6,3917599;6,1773100;8,0078201;7,3002901;6,5728798;7,8659601;-4,7876601;2,7232699;4,9650102;6,5257001;1,3741699;12,6789999;11,2215996;8,4642000;6,5520701;8,5829802;9,1021900;14,9610996;5,4261899;-4,4082499;8,9167995;2,1981299;-5,1550698;8,2317305;7,6019902;6,5200801;6,7187901;7,7166800;6,6617599
44205;21605850;449464,700000000011642;5687169,299999999813735;374,6000061;0,0000000;0,9159450;-0,8731280;-0,7708090;1,4642500;1,0947700;1,9949100;4,1023998;1,6203099;1,9589200;1,0482700;-0,3486160;0,3132620;-0,6173890;-0,0101240;1,1348000;1,0854400;1,5628400;-0,8302960;1,4708500;0,2132440;0,3038400;-0,4790260;1,6057301;1,1297400;0,0248239;-5,6557002;-0,1602060;0,4988290;-1,4479100;-0,8722110;-0,2108780;-0,6010830;0,8922020;2,4723599;2,3773301;1,2966900;3,1561501;1,1409301;1,1003300;15,5839005;1,3480600;0,5604420;1,6801900;3,8880899;2,8106999;1,2215000;3,6806800;-1,0090300;-1,7627500;1,0081000;0,0542114;-1,7207500;0,2843070;1,0212899;0,0040817;2,0314600;0,3775520;4,9544802;3,9906399;-1,6471100;-2,6172099;1,5003099;-0,5721220;2,5718501;1,5904599;1,0586700;0,4509480;0,8947470;-0,4879470;3,2921700;2,1393800;1,9947400;2,2695301;1,1104200;1,3312500;0,9053410;-1,3877300;0,8897880;0,0085192;0,5668160;1,2253900;1,7975600;2,2014599;3,0631700;4,1503901;2,5269001;1,2028900;2,7967899;0,9270440;3,2545900;1,1188101;2,4494901;0,9608810;1,7133800;1,7750500;1,0540900;3,6031499;1,8001200;2,0117600;1,9882600;1,5870200;0,5324850;-0,3368510;1,1095800;1,2034900;1,7030801;-4,0233798;2,5402801;5,1709900;0,5744760;1,0526201;0,7351940;1,7709500;1,2352400;-0,9282290;0,5305010;-1,8043600;0,3334450;-2,2696500;-1,5637100;-2,9182501;-0,9274460;3,7113199;1,6407900;0,6225620;4,6109600;5,3070998;3,5863199;1,4576700;0,0576460;0,5643670;0,7506810;3,8502700;0,1744350;2,3695300;1,5452300;2,9201801;1,4946899;0,1762320;0,8771500;2,4787600;2,7132199;0,9119930;2,6178701;4,0319200;1,9512200;3,6136401;2,3114400;3,6884301;2,3766000;3,6191599;2,6561000;1,9163100;3,9231100;4,7948699;3,0903201;3,2851801;3,4474599;3,2926800;3,7895000;2,9956501;3,0049801;3,5620699;3,0063200;3,8183801;0,9506160;2,5403299;2,1773701;0,4851880;2,6237900;2,2135401;2,1145599;1,7522000;0,9441040;1,9658099;-0,0758350;1,0532300;1,4565901;0,8311630;0,3527720;3,0459001;2,2991900;2,8585200;1,0633000;0,8290290;-0,0074544;-1,3024600;0,0471618;-0,0031848;1,7068900;2,4816101;-3,6903501;3,3200099;2,4839900;2,7362399;1,7792100;1,8478900;-0,5659630;0,4459850;3,0254500;-0,4443110;2,9231601;3,4263101;2,3452599;3,9129300;3,1329801;1,8479500;1,6487000;5,3906698;1,7884901;3,7637999;2,9597299;2,8906300;3,6091900;2,4198101;2,5665300;2,5037200;2,3320100;2,9106700;2,7166600;3,5422699;2,6092999;1,9895400;-1,9389499;3,5818601;2,5677099;0,6668390;1,1171300;-1,1637000;0,6418870;2,8383701;-0,8404650;1,2021800;1,3529400;1,1952200;2,3395400;1,4206300;0,3423310;0,7500190;3,7834301;1,8102100;-3,0487101;1,0952801;2,0096600;1,8328800;-3,1114299;4,6283998;2,3750701;2,0094700;4,6012201;3,4428201;4,1586499;2,9967301;4,3210001;3,0603099;1,4483200;0,7136120;2,9594901;3,0424800;2,4658000;3,2001801;1,3701100;1,9741900;6,3628001;3,0514600;2,2535801;3,0675399;3,4631701;3,1918299;3,5278399;-7,1014600;4,1368399;-1,1645300;-3,3667600;-0,2473170;4,1969500;-2,2579000;6,9502802;0,5365790;-0,2307180;7,0101299;-3,5704200;-6,0374999;2,7721701;1,8296900;-11,9920998;-5,0262799;-9,0086498;9,3889999;8,0782499;1,9039400;3,9746499;0,2892600;1,4804699;2,3013799;2,1590300;0,9272920
44212;21605971;449415,099999999976717;5687151,099999999627471;372,5000000;0,0000000;-1,4936200;-2,4059300;1,6055900;1,6678600;1,6339000;2,2423899;2,5261600;1,4651999;3,0711300;1,5009800;1,0606800;1,8781900;2,5894699;0,5345480;1,5524100;1,6857300;1,8448700;1,3877800;2,8284900;2,9173901;0,4199250;-1,2814200;1,7771000;-7,1195402;0,3335290;0,5612930;1,0737200;-0,4360730;0,0285540;0,2833520;0,4631110;1,9823900;0,7344860;2,8456099;1,1223000;0,7776600;3,6170001;1,8952700;2,4367099;2,1467700;-1,3245600;2,9129300;-0,8433340;3,5835500;2,1097901;3,6087799;4,7561898;1,9456500;0,3369580;1,7988501;1,5881100;1,6747500;3,3838699;1,1435100;1,9953700;4,4150100;3,1529400;0,6476090;-0,6361650;-10,6647997;-4,9642801;13,4806004;-0,6905670;4,4938202;1,7793601;2,7487400;2,1395099;1,0491400;0,6076660;3,6793301;2,0413001;1,4624300;1,4150600;0,2183320;0,7499070;0,3161390;1,2897900;0,1378270;0,7352050;0,2334040;2,0053501;2,5011599;0,7173270;1,6353300;1,3589700;0,9561660;0,1615640;1,9046800;-1,2134500;-0,5347230;-1,5051700;-0,6882050;-0,2957300;1,4186200;0,3265620;0,0330207;1,6617301;1,6982599;0,9710210;1,0057200;2,1899900;1,5057700;3,7979100;1,8825700;1,3738101;1,8620600;2,6181600;3,0651801;0,7075560;3,2181599;0,9121300;2,2145300;-5,7219501;1,9923199;1,5530601;0,7727470;0,0396669;0,3924300;1,0632100;-5,0433998;0,8092500;0,3819330;0,7078080;-3,4790599;-10,2830000;-10,6013002;-2,2358699;0,1553580;1,6121300;0,1385750;-1,2388000;0,4636080;1,0121000;0,1982160;0,8769710;0,0241756;0,0185521;0,5371350;0,9879900;2,0956099;0,5216990;2,2897301;0,1038740;-1,6424400;0,6240900;-0,6478220;-0,5451680;0,2458450;-0,9766640;-0,8454440;1,9713900;0,4407430;1,9239700;2,2245100;-0,7912060;1,8087699;-0,0927682;1,0375600;1,7607501;2,3756499;2,0472600;1,6915700;2,7253001;2,2814000;1,7143600;2,3621900;0,0755811;0,5995210;1,0134400;-0,1236850;0,3352000;0,0248885;-0,7783470;-0,2461730;0,3971800;1,5686700;-0,6486270;0,3355010;-2,4894500;0,1702300;-2,4651699;-5,9875202;-8,1887999;0,5772120;1,1134900;-0,2048570;-2,1648200;-2,6913099;-1,6413200;-0,5919040;1,2178500;-0,4254260;0,6643590;-0,4473590;3,0111001;0,4379870;0,0939090;0,8728410;-0,0553460;-0,1169670;0,1267520;0,4738450;0,7235740;-0,7851880;-0,5237560;-0,5130960;0,3458850;0,2566570;-1,3576699;1,1718600;-1,4737800;-1,3795900;0,9547230;-1,7660900;0,1065260;-0,4110220;0,6786830;1,0082300;1,0727100;1,0810400;1,1760300;1,3850600;0,5657480;1,1651800;3,1903300;1,6761400;0,7097970;1,1234400;0,0405946;1,6817501;0,1172690;-0,3949980;0,5167450;-0,5764370;0,3995520;0,2949240;0,1507800;-1,2003400;-1,6226500;1,1404999;-0,0687773;-4,2869201;-0,5907530;-1,4140900;-1,4672900;-0,3244570;-1,2255300;1,0374300;0,6250080;0,1897300;0,4831660;1,2053601;0,0079908;1,6319600;0,0428293;-0,3686610;-1,8320500;0,5853350;2,7339301;-1,2860399;0,6310760;1,3393400;-1,5019600;-2,6827500;0,5606680;0,6483750;-0,1523180;-0,3302010;-0,8498330;-0,1878040;1,0241899;1,4482501;2,4240201;0,3383690;-0,2464570;0,1566160;0,4434020;-0,5579720;3,1696301;0,0135145;-0,5539470;1,2918299;-0,9759140;1,5612200;2,2460401;-0,1626190;0,0847130;0,2713550;-2,4291601;1,0386300;0,0138874;1,7059900;-0,5956970;0,8352830;0,2362180;-0,4136420;0,4962890
44213;21605972;449407,099999999976717;5687153,000000000000000;374,1000061;0,0000000;0,6396590;4,5118198;1,6617000;3,5065501;1,1798100;1,7814100;-1,0616500;3,8833499;4,1975899;2,6451600;3,9593501;3,0466199;4,1852102;4,8872299;5,2988701;6,1249700;5,6799102;-0,6329510;6,1224799;4,1850100;4,7721701;2,6968801;3,4328201;-1,0665600;4,7175498;3,9691200;4,0486398;1,8271700;4,2530198;1,6692100;-1,3159600;4,1132798;0,4941900;1,5623400;3,8092201;3,4412999;-0,5709160;0,6549920;4,2187600;4,6463599;3,2247901;5,9183798;0,7758850;3,9128301;3,1454799;4,0040102;5,1349301;5,9836602;4,3783698;6,3127298;7,1304798;5,7420201;3,9094400;2,6187501;5,7578502;5,3061900;3,9366601;0,3573250;-1,3393800;-3,7210901;16,5062008;18,6693001;6,1389198;4,7178001;2,1117599;5,8473001;3,7400301;4,3314700;4,4494500;3,3758299;3,1428101;3,5220799;3,4547100;2,6207800;2,6833601;2,2025399;3,8556099;2,2864101;3,0041699;3,2550299;2,3728199;0,9157660;1,6613200;1,2020100;-0,0528765;2,1815200;3,8613701;2,0439401;2,2295101;4,9483600;3,1728101;2,6627200;3,5554399;5,6740499;2,5845301;5,9313002;5,8794599;4,5846701;3,9093399;2,9579699;6,5843101;4,2658401;6,2027602;5,1931500;5,3434000;4,4154601;8,0212603;8,0314302;6,1602502;7,4405098;6,8362098;7,4852400;6,5836902;7,5214901;6,8976698;6,4696398;4,7857599;5,0328698;6,9545698;6,6806002;5,4677000;5,5454998;4,3436699;0,3562880;2,5000100;3,8716300;3,3416500;5,1632900;3,8510799;5,7512102;4,0809302;4,8046699;2,4995899;5,8857999;-2,9895401;-2,5394700;0,3342980;-0,3784690;4,4670300;1,9598700;3,5532100;-0,3502600;3,8341999;3,6438999;2,8899200;4,4191098;2,5852599;3,6627500;3,0320599;1,1716300;4,4038301;1,6870400;3,5520201;5,3541698;1,5546200;4,9967699;4,2565198;5,8790002;5,5116401;4,2449198;4,3691802;5,1583900;5,5962601;6,1543198;3,1568899;6,1991701;6,3643398;6,3000398;7,8349600;1,6079500;5,5753198;7,1783700;5,4331298;6,1845198;6,6304002;6,3921700;6,6950798;7,1739001;4,1849999;6,3399701;4,3065000;8,5521002;0,0068035;6,8998899;2,8764701;4,9000702;9,2332802;7,9674902;5,0264702;-4,9411602;0,3369090;5,4789200;0,3038480;0,3598210;-0,2213980;-1,4598800;2,1130199;8,5346003;6,4392200;1,3837100;5,7870798;0,6144710;-2,8666000;2,6689200;2,0416400;1,2232200;1,9744999;2,7087100;4,0507302;3,8355601;1,7066200;4,2709599;2,3750701;3,6855199;4,5818200;3,7448599;4,9692302;4,9247398;4,4028401;6,0015802;7,5378199;8,9133501;7,8528299;7,4210901;17,3864994;7,3913498;9,2724304;7,7512102;8,5381498;7,6772099;5,6869001;8,6044598;7,1425900;7,5955601;6,8945999;5,0751600;7,7164402;5,8522100;6,7165599;6,3905401;7,8075800;5,0143700;6,1282902;8,6868601;6,2815299;7,0965400;5,9443402;6,0568399;0,7986380;-2,3006101;-3,5126901;-0,3418030;0,5675950;-3,1463599;-3,8986199;6,7820501;5,6128998;4,8421402;5,9742799;3,6642301;4,1729598;5,0847702;5,1431899;6,2509799;1,3856900;1,3729700;4,9204001;5,3494501;3,3724501;3,1844699;2,5825901;3,2612600;4,3524199;5,2857800;1,6927100;4,7216401;3,2101200;5,5437398;4,0288801;3,4093201;5,7136598;6,3172102;6,3586502;6,8199902;10,5307999;10,4324999;6,8783398;8,8367901;5,9830699;7,8857002;9,0888004;8,6215801;8,8114700;8,0049105;7,2019501;7,4278598;7,4180398