OBJECTID;PS_ID;X;Y;Z;date_20150411;date_20150423;date_20150505;date_20150517;date_20150529;date_20150610;date_20150622;date_20150704;date_20150716;date_20150728;date_20150809;date_20150821;date_20150902;date_20150914;date_20150926;date_20151008;date_20151020;date_20151101;date_20151125;date_20151207;date_20151219;date_20160112;date_20160124;date_20160205;date_20160217;date_20160229;date_20160312;date_20160324;date_20160405;date_20160417;date_20160429;date_20160511;date_20160523;date_20160604;date_20160628;date_20160722;date_20160815;date_20160908;date_20160920;date_20160926;date_20161002;date_20161008;date_20161014;date_20161020;date_20161026;date_20161101;date_20161107;date_20161113;date_20161119;date_20161125;date_20161201;date_20161207;date_20161213;date_20161219;date_20161225;date_20161231;date_20170106;date_20170112;date_20170118;date_20170124;date_20170130;date_20170205;date_20170211;date_20170217;date_20170223;date_20170301;date_20170307;date_20170313;date_20170319;date_20170325;date_20170331;date_20170406;date_20170412;date_20170418;date_20170424;date_20170430;date_20170506;date_20170512;date_20170518;date_20170524;date_20170530;date_20170605;date_20170611;date_20170617;date_20170623;date_20170629;date_20170705;date_20170711;date_20170717;date_20170723;date_20170729;date_20170804;date_20170810;date_20170816;date_20170822;date_20170828;date_20170903;date_20170909;date_20170915;date_20170921;date_20170927;date_20171003;date_20171009;date_20171015;date_20171021;date_20171027;date_20171102;date_20171108;date_20171114;date_20171120;date_20171126;date_20171202;date_20171208;date_20171214;date_20171220;date_20171226;date_20180101;date_20180107;date_20180113;date_20180119;date_20180125;date_20180131;date_20180206;date_20180212;date_20180218;date_20180224;date_20180302;date_20180308;date_20180314;date_20180320;date_20180326;date_20180401;date_20180407;date_20180413;date_20180419;date_20180425;date_20180501;date_20180507;date_20180513;date_20180519;date_20180525;date_20180531;date_20180606;date_20180612;date_20180618;date_20180624;date_20180630;date_20180706;date_20180712;date_20180718;date_20180724;date_20180730;date_20180805;date_20180811;date_20180817;date_20180823;date_20180829;date_20180904;date_20180910;date_20180916;date_20180922;date_20180928;date_20181004;date_20181010;date_20181016;date_20181022;date_20181028;date_20181103;date_20181109;date_20181115;date_20181121;date_20181127;date_20181203;date_20181209;date_20181215;date_20181227;date_20190102;date_20190108;date_20190114;date_20190120;date_20190126;date_20190201;date_20190207;date_20190213;date_20190219;date_20190225;date_20190303;date_20190309;date_20190315;date_20190321;date_20190327;date_20190402;date_20190408;date_20190414;date_20190420;date_20190426;date_20190502;date_20190508;date_20190514;date_20190520;date_20190526;date_20190601;date_20190607;date_20190613;date_20190619;date_20190625;date_20190701;date_20190707;date_20190713;date_20190719;date_20190725;date_20190731;date_20190806;date_20190812;date_20190818;date_20190824;date_20190830;date_20190905;date_20190911;date_20190917;date_20190929;date_20191005;date_20191011;date_20191017;date_20191023;date_20191029;date_20191104;date_20191110;date_20191116;date_20191122;date_20191128;date_20191204;date_20191210;date_20191216;date_20191222;date_20191228;date_20200103;date_20200109;date_20200115;date_20200121;date_20200127;date_20200208;date_20200214;date_20200220;date_20200226;date_20200303;date_20200309;date_20200315;date_20200321;date_20200327;date_20200402;date_20200408;date_20200414;date_20200420;date_20200426;date_20200502;date_20200508;date_20200514;date_20200520;date_20200526;date_20200601;date_20200607;date_20200613;date_20200619;date_20200625;date_20200701;date_20200707;date_20200713;date_20200719;date_20200725;date_20200731;date_20200806;date_20200812;date_20200818;date_20200824;date_20200830;date_20200905;date_20200911;date_20200917;date_20200923;date_20200929;date_20201005;date_20201011;date_20201017;date_20201023;date_20201029;date_20201104;date_20201110;date_20201116;date_20201122;date_20201128;date_20201204;date_20201210;date_20201216;date_20201222;date_20201228
20292;61633643;449417,400000000023283;5687149,000000000000000;376,1000061;0,0000000;-0,3248630;-1,7826600;2,3678300;2,1575401;0,8152490;0,5552480;0,4953600;1,2392900;-0,5149590;-1,1351100;-1,0632100;-1,5698100;-0,1873500;-0,0506687;2,6343000;2,4572201;0,7708020;1,3172500;1,8963701;1,9579800;2,0226500;4,4933801;2,3453801;1,8242500;0,2561450;0,3119670;1,0490000;-1,8344700;1,0542400;3,0505800;3,6853600;2,4671299;0,9359190;-0,3195920;3,1540000;1,6855700;-5,5079098;0,0133860;-0,0731039;1,9248700;1,9385000;0,9416150;2,2281499;1,9407300;-0,0281110;2,1646500;0,9843740;4,8319001;2,4740601;3,6131499;2,7782500;5,4064698;2,4133401;3,0145099;4,7355199;1,9025100;3,3724599;-4,3146000;-2,8419600;0,4713910;2,2913401;2,6809700;4,9270201;2,7538800;2,5868199;1,8266000;2,2553501;2,1753399;2,4404800;2,2391000;0,6017940;2,5025499;1,2170900;3,6414499;2,1357501;1,0320300;2,4888201;1,9377100;-1,6433901;-0,1882440;0,1343860;2,3715899;2,4356301;1,4531400;-0,0916834;-0,0295665;2,8931100;1,9423900;2,0594800;1,5075901;1,6359500;1,2733300;2,0759499;-0,5739900;2,4297500;2,5574400;-0,8981450;2,3146701;0,5847310;4,3125300;4,7258902;1,6975600;3,8044300;-1,5982900;-0,1468320;3,1790099;3,7454700;3,3397501;3,0129800;3,6509199;-0,1734490;-1,6867599;2,3522999;3,0932200;1,4367599;3,0060599;3,1564600;0,7686040;2,7440200;2,4568801;3,7803500;2,5476799;0,9415980;0,7413760;3,8946700;-0,1413750;1,0395499;1,9293600;1,5673500;-2,2511301;-1,5949200;4,0003700;0,1212470;5,5125198;6,4687300;2,0589700;1,4632200;4,1467600;3,5143800;2,6395400;5,8036499;3,9745600;3,0061600;0,6073980;0,3209500;0,3369000;5,4958901;0,1684480;1,3688000;-6,0654702;2,1791601;3,1486700;-1,4181800;0,9715960;3,3250201;3,2327600;3,8850000;0,7857190;1,6822799;2,4292800;2,7397599;1,1395400;-0,4204600;3,2588601;0,7563830;0,9805400;0,0503943;-1,0548900;-0,4594520;1,8311200;1,1849600;-2,7434199;1,8400600;2,5118799;-0,9415500;0,0375876;4,9421000;4,3395801;2,2306399;0,3802960;0,9566730;-1,9163100;0,7723930;1,7742500;1,9125400;2,0173900;4,3773198;2,5312700;0,0332797;0,6793530;1,3902100;2,9917600;0,1016590;0,2904270;0,6635790;-1,2875299;2,9666500;2,6857200;4,1438799;-1,8160200;-1,9309400;-2,3490400;0,0176241;-1,3404100;-1,3763700;9,0284595;-1,9114500;1,5873700;1,1078900;2,0537601;4,2308302;-0,3012730;3,2953601;4,2558999;-0,0661340;4,0854602;2,9761600;-2,1792600;-0,8574190;0,8902980;1,9089299;0,7346680;0,8181250;-0,0432966;2,3547800;2,1024101;0,5534640;2,1698501;2,9749999;3,6737900;6,6410198;0,0734103;6,5363798;2,7691000;3,6229100;3,4696200;1,2698900;1,6246300;1,8835900;1,2235301;4,4396801;2,8887899;2,9086101;5,5174298;1,6457800;0,4127180;1,7860600;2,2789900;-0,8044770;-1,4344701;1,1883500;1,5976800;-4,2157001;2,8164001;-0,3822620;-1,9261000;0,0782926;-4,0405998;-0,0921934;-3,8944700;-0,2345650;-1,8262700;12,0450001;-1,3131900;5,9445801;3,2490599;-0,7187190;-0,3853800;0,4093140;-0,7149600;-1,9168600;-1,7333100;-2,5041101;-2,2421100;1,2933199;-2,3841000;-4,4891400;0,7961020;-2,5526900;4,0719900;-4,5513701;10,2559996;2,9612801;5,9891400;3,0602300;5,6164899;-0,5562130;5,0300298;5,7328300;5,2399902;4,6353598;2,2663500;2,7594500;1,9789500;5,6651502
20293;61633644;449417,900000000023283;5687155,599999999627471;370,8999939;0,0000000;1,8140301;-5,4663801;-12,7004995;0,6442730;-1,4105300;7,1874299;1,4705000;-0,8844900;0,9136860;-1,8784500;-0,8800080;-1,4555600;4,2990499;5,4198399;2,2257600;2,2767701;2,1609900;-0,5453350;3,1860099;3,7360401;2,5650899;1,9159200;1,9463800;5,6864700;-0,0276351;1,3913701;2,5423801;1,4729300;4,6547599;4,4476199;2,5746400;7,0736899;2,6056399;0,1922550;6,5499802;4,6590199;4,3226800;2,9214001;2,9763100;3,2465401;2,2402301;1,8357300;2,8010299;3,0383899;1,6056800;3,7479899;1,9086100;6,5605102;2,2100999;3,6515999;0,9957650;5,6703100;2,8671601;5,5041299;2,1187501;1,5806700;2,6024301;-0,6375860;1,3377000;-2,5611300;1,6912900;5,1393600;1,6717200;3,6884899;4,0572901;3,9788101;2,9331000;2,4772501;3,2059801;2,2552099;3,4781301;0,5881190;3,2627001;2,5874801;3,8842299;1,7826700;3,2734599;0,5254230;-0,7897580;-5,1384602;0,8171950;4,8059502;2,1172299;3,7105000;2,9227700;1,4941300;1,9344000;2,5735099;-0,5153060;0,9467600;4,1620698;4,2678099;4,1964698;0,8744090;0,8334500;0,4648900;4,6530800;4,8158498;3,9005301;2,4289501;4,0670900;3,1890700;4,7635598;0,8513140;3,7283101;5,2675500;5,5334702;5,4183602;3,1243501;6,9699998;4,3342400;2,4557700;5,5894899;6,8744402;3,8268800;3,8778400;3,9440000;4,8434501;3,8668599;1,8668600;4,2166100;2,4203501;-1,7956300;2,0652299;4,5820799;4,3874898;5,1753201;4,3951101;0,1628330;3,1469901;4,0913301;5,8886700;6,3002601;7,2373300;3,4374399;3,2544999;4,9205198;-2,0599799;4,4824200;5,5540800;5,3200698;4,8516898;2,0617499;3,4409699;3,5944200;2,8578999;4,3881698;6,5742202;4,7085299;-0,6298890;3,3138299;2,3849199;5,5001702;5,4878201;6,1854801;4,0313501;3,6121500;6,3050199;3,2761500;9,2258196;5,1280499;4,2458401;2,5163701;5,4963498;6,0949001;5,4980402;7,0195599;6,7992401;5,0162401;6,5746298;7,3143601;5,3351302;5,0291200;3,5364299;7,0494699;4,7337599;7,5357099;9,2839203;3,0658600;5,5887198;0,9341890;5,5242000;4,2625399;5,1418400;4,9830999;5,7025199;-2,1838701;8,5326700;4,2340398;3,6348200;5,7437901;5,9468598;2,4997799;2,2287800;4,6433301;5,8574100;5,6668801;6,5625501;5,9948101;8,6927605;3,2411799;3,1508400;7,8819799;1,4677000;9,0784397;3,1675999;-1,4471999;5,3309102;8,4641104;5,2918100;5,5876698;6,2063799;5,8505402;2,5511999;-0,2772820;3,9943800;4,4307699;4,6993999;3,0385399;6,3288002;4,3365598;4,7405300;5,2959299;3,6503899;5,9600601;3,7114799;5,9971499;6,3724699;4,2059698;5,1665502;5,4443302;6,0642700;5,3487301;1,4954300;5,0294700;3,5626400;6,8832798;5,3717599;5,8801098;3,6160700;6,3656402;7,4913001;6,7869902;4,8918400;6,6895499;8,2403803;8,2280302;7,7659798;7,8154898;7,0467901;5,9528899;4,6662898;6,2839499;10,6606998;6,9385300;2,9591801;5,0994301;6,2324200;0,8489590;4,1185398;3,6380501;5,9439902;5,9635401;4,5139399;6,1470699;6,3937201;3,7329700;3,8897200;5,4183998;4,6055298;4,7645702;6,7735901;4,1999002;7,2823501;7,4327798;6,9701600;4,8356400;5,6953602;4,9159799;5,6464801;6,2691102;6,3170300;2,9779301;5,0850000;6,6429601;5,3978500;5,2617502;4,6503601;4,8730302;7,5982399;7,3270502;7,0132699;7,8265700;8,5791397;6,8269200
20296;61633857;449461,599999999976717;5687188,599999999627471;375,6000061;0,0000000;-0,9177460;-2,5007000;2,4906900;-0,7264880;-1,1228499;-4,5842600;-0,5539850;0,0505013;2,0500700;1,9968600;0,8174450;0,9512840;1,5218900;1,8987900;-2,6234500;2,4277401;1,3718500;-2,5669200;2,0974400;4,7482901;0,5296630;-0,8916780;-0,3063010;3,1775301;0,5477250;1,4774100;-1,4777800;-4,5612502;4,4120402;-0,1888590;-0,5423880;-0,7733030;12,0087996;9,5093403;-12,1796999;1,0971299;1,5030200;-3,5401199;0,2444110;0,8310420;1,9567400;1,7819901;3,6987500;5,2000198;5,9211102;1,8749400;2,3987601;2,0864100;2,5510800;1,6904900;4,6999998;2,8308101;2,8391500;0,9727480;4,3967700;6,1125798;3,9897499;4,2340598;5,0819201;9,4187803;2,3271101;4,4188499;0,3015790;0,0290995;-0,6611460;0,3882400;5,5674701;3,4730799;4,5308700;3,6555300;3,6481199;2,1046700;-2,1980500;5,5124002;3,9992499;6,6426101;7,0137200;-0,2402950;-0,4375040;-1,2539800;4,6567602;0,1281710;-0,1709440;0,3395790;0,4531930;2,7146001;6,4391398;-2,8655100;-0,6208730;1,3487900;-0,4144230;-2,1824999;3,3251300;-1,2913500;3,4967201;0,5893310;2,7667301;2,4857299;-0,1825440;3,2080801;2,3298500;1,2765000;2,8127601;-3,4103200;-0,5104400;-1,8721000;-0,2400480;2,0940499;-0,8279620;-2,4389999;-3,8471701;5,5853500;-1,8642100;-1,5043800;-3,9844699;-2,0357599;3,0547800;2,3745501;2,2663600;-0,0301213;1,8067400;2,9620800;4,1291099;3,2495601;4,3050499;4,0941501;6,7164001;4,4952002;2,9405200;3,6986499;2,3131299;3,0806000;4,6399102;-9,5969801;4,0460501;-8,4185600;3,0530400;4,3880501;1,5700400;2,5290799;3,1125400;4,0023298;2,3349900;2,5984600;0,2704860;1,6809700;4,3028898;0,9711750;3,8829801;-0,7400900;3,7353201;3,0350001;2,8402400;2,6635900;5,1581101;2,8715799;4,8805199;2,5325301;3,3892200;3,1970201;2,2166200;2,4270201;1,9592700;3,6442399;2,3646500;3,6085801;4,4801998;4,4794898;3,3012600;3,8854201;4,6877398;3,1958499;0,9071240;3,2324200;2,8272901;2,3118999;2,1760499;3,0609901;3,2452099;1,7058901;-0,0185032;1,7077200;1,4778301;3,0266600;4,9206200;2,6144900;1,8825099;0,7059020;2,3000100;1,2194700;2,4505000;2,9885499;1,8389800;2,5632801;2,7685900;4,5359902;2,7385499;7,1173401;4,4210100;-2,0632000;4,6124802;3,0226901;14,2171001;5,9485602;6,1052299;3,3412001;4,5207601;-0,2153570;3,0625899;4,4581199;2,4775200;3,3538699;2,3448701;4,7966099;3,4293399;4,6085100;3,4979401;0,4320620;4,2094302;3,6312499;3,8699300;4,6782498;4,4844198;4,9510498;4,5209599;3,8467600;4,8004498;6,2214799;5,4981699;3,0097699;1,1846800;3,9699399;2,7829599;2,0429299;3,8522301;2,3570299;2,6923201;2,1087799;3,8909500;2,5200901;4,9464998;1,7587600;0,6907430;0,9553550;1,5788701;0,4775690;-0,2315050;-2,4217701;1,8312000;4,1867199;3,9145100;2,2348101;4,2646399;3,8632600;1,6829300;17,8719997;3,6495900;4,0677199;1,6724200;4,2612700;1,8295500;4,3446002;8,2232504;11,3338003;-1,6147900;9,3135796;11,7215996;18,5160999;15,6022997;14,2187004;10,7593002;18,1378002;20,0391006;10,9826002;12,6444998;14,1513996;9,3744297;13,6223001;14,2337999;2,0266800;17,7602005;18,7348003;13,1525002;17,1254997;19,4165001;18,8092995;-4,9279499;10,1295004;8,9752302;16,8474007;15,5513000;16,3647003;18,1434002;17,6054993;16,4860001
20322;61634361;449436,000000000000000;5687269,400000000372529;373,7999878;0,0000000;-1,2841800;-0,8168840;-1,4348500;-0,5371400;-0,6680160;0,2136480;-0,0583673;1,0933700;-0,2053450;-1,0794899;-1,2229400;0,9606840;2,7020099;1,1437900;2,6881800;2,2596800;0,8460270;2,7091100;2,7329700;2,6127200;2,2754800;1,6365000;1,8215600;1,2428300;0,3635560;1,5337800;2,5198801;1,8176500;-0,0204034;0,5172820;0,4031990;0,3182100;1,0135500;-0,0531812;0,6678500;0,8901470;1,3720599;1,7184700;1,2503099;2,2379200;0,5620160;0,7975940;2,1996801;2,2902501;1,9048700;2,8043001;2,3539901;2,1482301;1,3098201;3,2470500;1,8493400;3,9794099;2,0620501;2,6894200;2,9862800;1,9916400;3,1053600;-11,9201002;-7,7468300;2,5674100;1,3565500;2,2151699;2,3014200;0,8617010;2,2759199;1,7724800;0,6743010;1,3678401;-0,5578310;1,2709100;1,4442199;0,8650880;1,3695199;0,6381660;-0,9249630;1,1925499;1,2406800;1,6647300;-0,2053610;-0,4575940;-1,1765800;1,1797400;1,4606301;1,1107000;0,7350960;-0,3499700;0,0758653;-1,0285800;2,8028800;-0,0493588;0,8750820;3,6251600;1,5275600;1,3632300;2,1152899;3,0599401;2,2438600;3,4097199;1,8404599;2,4471700;2,2534800;2,9180901;0,9123170;-2,5454900;1,8933800;2,3862200;2,7304201;3,3420401;3,4347000;2,5757000;3,1630599;5,2180600;3,0158801;3,9683399;3,5763600;4,3499999;2,7520499;3,9380600;3,6055300;2,5631001;4,8959498;2,2526600;4,4582000;1,4031100;1,4295200;0,5254910;3,8765399;3,2249501;2,9502499;1,6115600;2,1034601;0,9937890;1,7562200;1,0557400;2,7299900;-1,1034400;1,2523400;3,1090701;-0,8568550;1,8954400;3,1004601;2,6141200;2,9259501;2,7920101;1,1246300;2,8845100;3,4759901;2,0803699;2,4586999;-1,6942000;2,3120401;2,3872600;2,5994101;3,1036201;3,6077399;2,5301700;6,1447201;2,7590401;2,5980899;3,9663799;3,4421799;3,3955500;3,3836801;3,9526000;2,9576900;4,3354101;4,8720498;3,2267499;4,5728502;4,4192600;4,5702500;5,6405001;4,7298198;2,9350901;4,5469398;5,2155099;5,4614501;4,7087898;3,4435799;4,4745202;3,6540301;4,4547400;4,5029998;2,8822401;1,7406300;4,2930799;6,5386000;4,3128400;2,9111099;3,8438900;4,2111402;1,9671600;1,9406199;3,2626500;3,1560500;3,3910799;3,9705801;0,7672040;4,7172098;0,4024070;1,1342601;3,9259300;0,2795830;1,1317800;3,5812900;-0,1523710;2,1792700;3,2342100;3,3354900;4,2223401;3,3174601;2,3346701;4,7941899;5,2017999;3,4831400;3,2614501;3,4923799;5,3976402;2,5531900;3,7035899;4,0274401;4,2083101;6,0933800;4,6132398;4,6929898;5,0071602;4,4190402;5,2583799;3,7508900;5,6415100;4,8219800;4,9397702;5,5459800;4,7070098;4,3355999;4,2670398;5,6894798;4,4580302;5,2916498;4,3969898;5,2229500;4,2247500;4,6546998;5,0105300;4,3871198;4,0086899;1,5331600;1,3031600;2,1961000;2,3578200;0,8769790;0,9578460;2,9953899;1,9095200;3,6719100;3,2184701;2,5561399;1,2452600;3,1117301;3,2021301;1,9107600;3,1845500;4,1278400;2,7046399;4,1235399;2,5576100;2,8567500;3,5139599;5,4682899;3,7132001;5,0588598;4,3731699;5,9829202;4,8729501;3,5355999;3,5653100;0,6111660;8,8623304;6,1988502;13,3346004;7,7051501;2,7285399;-3,2252400;17,1257992;-5,8664198;3,8362999;2,6666601;-0,9868140;1,7937900;3,0829501;3,2320099;2,3264699;3,4961100;3,1389401;3,1437099
20331;61634491;449449,200000000011642;5687304,799999999813735;375,2999878;0,0000000;-1,0677100;-1,3015800;0,1254990;-0,5417800;-1,7601200;-3,1538701;-1,4902600;-2,2758000;-1,1497200;-2,2075801;-0,4610520;-0,4875900;-0,6209450;-1,0489200;-2,1044099;-1,1567600;-0,1580260;-0,7141520;-1,1745300;0,0895271;-0,7978300;-1,4808800;-0,3968510;1,2848700;-0,8569150;-2,4538901;0,6267410;-1,7111000;-0,1143590;-0,7928950;-2,0513000;-1,5718600;-1,7206399;-0,5097770;-1,8053200;-0,3478460;-0,7966180;-0,1073060;-1,0749000;-0,9461430;-1,2387900;0,3528680;0,2221880;-0,4241670;-1,1653000;-0,3865820;-0,8950550;-1,6088001;0,2789080;-0,8968790;-0,4931910;-1,2555900;-0,8628250;-0,3710230;0,4984480;0,5262340;-0,9216260;-12,4742002;-5,7370501;-2,5911300;-1,3392900;-0,5384050;-2,0375299;-2,1496301;-2,4102499;-1,1810200;-2,8568001;-0,9835400;-1,0561500;-0,5662970;-0,8518320;-1,4068500;-1,4985900;-2,7711301;-2,7485299;-1,2874800;-2,5078199;-3,5014000;-4,9411602;-3,3838899;-3,2132599;-2,3870699;-0,9684760;-1,6091300;-0,1477260;-2,0342000;-2,2172799;-4,3937001;-3,7042999;-0,8797190;-1,3905700;-1,6736400;-1,2206700;-2,4164701;-0,4641450;-1,4671400;-0,9674530;-0,1693270;-0,6649500;-1,2262599;-1,0158100;-0,2236550;-0,7813320;-4,7033701;-0,3463050;-1,0193700;-0,5741830;-1,2490500;-2,8934300;-0,5897980;0,4056320;-2,5098901;0,3528840;0,5587370;-1,7516100;-1,4278400;1,0327300;0,6722990;-1,2425100;-0,8563890;-2,5133100;0,2229400;0,6575430;0,4577470;-0,5923790;-1,5145299;-1,1095999;-1,1934600;-1,3735800;-2,6930499;-2,6149199;-1,6360600;-1,6820199;-3,2165999;-2,4312000;-1,6223300;-1,7270700;-1,9249901;-2,4910800;0,6559490;-0,5493290;-1,3192300;-2,6781299;-1,5367800;-0,2527100;-2,1101999;0,1155070;-1,9093100;-2,2892101;-3,1720099;-1,6939000;-0,9072200;-1,3444500;-1,3945000;-0,0277367;-3,4200499;-1,3889600;0,1777860;-0,7604180;-1,9115000;-0,3022290;-0,6098290;-0,2117360;-0,8229040;0,8723970;1,5206000;-0,1139410;0,2374510;-0,6499410;0,4832740;1,4766999;0,0437669;-0,2316460;0,1205060;-0,6848310;0,6300390;0,0543699;0,0117306;-0,0445751;-1,5213100;3,6026399;-0,1922620;-0,1200490;0,9305860;0,1365260;-1,3073900;-2,2847800;-3,5389900;0,3819900;-0,2414340;-0,2065830;-0,1214220;-0,1088610;-1,4262400;-1,0321300;-1,2945100;-2,8627801;-1,8933200;-0,2126720;-0,9881570;1,5559300;-1,6618800;2,2682099;-2,9702499;-0,3498590;-2,5885301;0,5154600;-0,3068300;-1,1488200;-2,5412099;-0,2578860;-0,5658860;-2,7164099;-1,5343300;-2,0820899;-1,3970100;0,7958950;-1,4303700;0,5666730;-1,8998600;0,6164770;0,6297250;-0,0324441;1,0098799;0,2334020;-1,3533200;-0,4313330;0,4267190;1,2495199;0,2256680;0,2179100;-0,0514556;0,9641520;-0,7042520;0,8055520;-1,7194800;0,1244130;1,4361000;1,8607800;-1,1968100;0,9416100;1,0227300;-0,5725430;7,7904902;0,5258380;-0,2333600;-0,3488590;0,0292943;-1,0734299;0,5941170;2,1811399;-0,4655480;-0,9961460;-0,6052740;-0,9614280;-1,0560700;0,4543970;-0,9223760;-0,4717230;-1,4696600;-0,1007140;-0,9201900;-0,9186250;-1,4788300;-3,1658700;-1,2907701;-1,6180201;-1,3475200;0,0188709;-2,7502999;-0,0811887;1,0707000;0,1067520;-0,3841840;1,3549700;1,1932499;0,0287175;-0,7569520;-0,3055150;0,2081400;0,4654000;-0,9525730;0,0312920;0,0693331;0,2889880;2,0680201;0,8711830;-0,7690490;-1,4149600;1,0058399;0,6394220;1,4167000;0,1519670;1,0755800;2,1851001
20332;61634492;449458,200000000011642;5687307,200000000186265;368,2000122;0,0000000;1,2587100;0,3076890;0,0264227;1,0269500;-0,5501170;0,9639990;3,0019901;0,0402009;-0,3068130;0,9898000;1,3867800;1,9794800;0,5905670;1,4553699;0,1544940;1,0825300;1,3290800;0,8025640;1,4138600;0,8061710;1,0060500;2,4059801;1,0775200;-1,4777800;-0,3030360;1,9430000;-0,1556360;0,2074940;1,0343900;-0,1483660;1,3308901;1,2169700;-0,0518222;-0,5365330;0,9094810;0,2533630;1,2516000;1,1873400;-0,1682470;2,0777700;2,5615001;1,0201200;-0,7759490;-0,4812260;1,5097700;0,8270680;2,9054000;1,0595900;0,9946130;0,3991060;1,5155200;0,1924430;2,6141901;0,7959970;1,4831800;2,2678499;1,1058800;3,8571501;0,5006710;-0,6636630;1,7018200;1,3066500;2,4082301;1,7412800;1,5214601;3,3334301;1,3956300;1,9262400;-0,2101900;0,2087720;0,2925190;0,8225250;0,5713240;-0,4168850;-1,3305100;0,5535310;0,8275880;-1,1169300;-4,2139301;0,5577520;0,4686640;2,2559900;-0,3139120;0,6364150;0,6947810;2,4348300;1,2116801;0,3076700;2,1428299;1,4996700;0,8947610;-0,2894570;0,3232740;2,7783699;1,0549600;1,1977900;0,5100660;0,8746300;0,4696150;0,7775350;0,9342800;1,4280400;0,8166130;-1,1503299;1,8257800;3,1098599;3,7590201;2,1385500;0,4893580;1,0938100;0,2887140;-6,4728599;1,3801399;-0,3969600;1,0631500;0,8828320;1,5941700;2,5811701;2,7619600;1,0843600;1,9249400;1,8788199;-1,2482800;0,6698670;1,6834199;2,9105799;0,6527300;0,1097280;1,9372500;1,1824200;1,9188600;-0,7987180;3,0071101;1,7176600;-0,0063844;0,3229370;1,6995600;-0,1039040;-0,1698930;1,8087300;1,1092600;0,3092690;2,3548100;0,4963750;1,4597300;0,2745930;2,5228801;2,6838100;0,8113050;-2,6216099;2,2639599;1,9731801;1,9948100;1,0575000;0,5969270;0,0475073;2,2099700;0,4554150;2,1407399;2,0823100;0,2160300;1,4143900;2,3980300;2,5369599;1,3543700;-0,3570980;1,3500000;2,8942699;3,0882299;1,8108000;1,7064000;3,8620400;0,4302230;1,5200800;2,4779999;1,7556400;2,7834001;0,9662620;0,9374130;0,7050590;-6,2600198;0,0362496;0,6721530;2,0498400;0,7361080;-0,1260240;1,6560900;1,4807900;0,8110270;2,1792600;0,2949300;0,6375680;0,5448140;-0,0698204;0,2503570;0,1332210;1,6163700;2,9340701;-0,9733590;-0,6245690;2,1464200;1,8917100;0,1791850;-0,6563700;-0,7403640;0,6556280;3,5050800;0,8602140;2,3693399;2,3466499;1,4157200;0,2432230;2,5387199;2,6217999;0,1558020;1,7402400;0,0146189;1,6539900;1,6959800;0,3974790;-0,9396810;1,4287000;0,7760000;1,4168500;1,4899499;2,3615100;2,3490801;3,5436101;0,8868800;-0,9527400;1,8650600;1,3479600;0,2983410;-0,4861630;1,3780600;-0,4645570;2,3025501;2,3432801;1,2729800;0,3489670;1,2994900;2,5344100;-0,0988517;-0,6837900;1,4957500;0,7101160;3,4504099;3,1756599;2,6417000;2,4252100;3,3762200;2,3097601;3,3291900;-0,1452010;1,5770900;0,9284380;1,6765600;1,2514900;2,7010901;1,7752200;1,3772399;2,1795199;2,3854301;0,1691170;-0,9881080;0,5641460;2,3316700;2,7673199;1,4141800;2,7910399;0,6228980;1,3837301;1,4741400;2,3269200;2,4740400;1,9095000;0,8949180;1,3260100;-0,6790710;1,8006901;1,4989200;1,1378400;3,2343900;1,6675299;-0,4862340;1,3561900;0,9336450;3,3843501;4,4395399;2,1048400;1,7747700;1,9740500;0,1185940;-0,7792170;0,4605930
20333;61634493;449472,500000000000000;5687309,299999999813735;356,6000061;0,0000000;-11,8750000;-1,8635300;6,2556801;-13,2951002;0,5396300;-5,4736700;2,0544600;2,7768099;-1,8343101;-1,2237300;-7,5479102;-2,3618901;-2,4835999;-3,3523500;-2,7877700;-1,2120700;-3,5100901;-2,1610501;1,3088300;-1,4866300;-1,2585400;-6,9362602;-2,3598199;-1,8054900;-0,8121190;-2,7005401;-2,0709000;-3,9201801;-5,8279400;-3,7832601;-0,1995560;-0,2947730;-1,5820301;-2,8547299;-2,6202600;-4,3738599;-5,4515100;-10,4530001;2,0224500;-0,1742220;-2,0654399;-0,0856891;-1,4389800;-1,7154000;-2,4576099;-3,5745201;-2,9643700;-2,7454700;-1,9384800;-2,7885301;1,0677700;-0,9458970;0,0890594;-2,9998100;-6,6514401;-2,1614001;-1,2851599;10,5580997;7,0568500;7,6304898;0,4509240;-0,3264080;-2,4086499;0,8599010;2,5500400;3,6196401;1,0262001;1,3515800;2,6436400;3,0008600;4,5464401;3,0947101;1,9743600;2,6170800;-0,1511820;1,1639200;-3,8531401;-2,6089699;0,9991560;3,2634499;0,8783000;4,4913402;1,0987099;2,8901701;1,1877500;5,2053699;8,0029497;0,4419600;3,0965099;3,2902999;-2,0172000;5,1056299;7,3224702;5,3013601;6,6954598;-1,5027900;1,4090500;-0,9055180;-1,4566900;-0,1374480;-0,3228150;0,5365520;1,3306900;-2,4540000;-1,7769099;-1,1981500;0,7818600;1,6281800;1,7578100;2,7098899;2,6900401;-5,2349401;2,4091699;-1,3428700;0,1066660;1,5791900;0,0451875;0,4585100;1,7748899;-1,4035800;1,8947300;2,1426899;-8,5432701;0,9719230;0,5506380;0,3001680;2,6536400;2,4670999;-1,3331200;2,8772700;1,5114000;-3,7829199;4,3801699;5,4343801;2,3406601;6,7605100;6,6192698;-0,9898860;7,4166799;-1,4518200;-1,2236201;1,9923100;-0,2249390;-0,4139690;3,2135899;3,1431301;3,1602399;-4,0588899;-1,7796500;-7,7517200;3,4306300;-0,0996895;6,0011802;5,0762901;4,9320698;3,8699501;4,2916198;-8,1878204;-0,8616680;-1,3609999;-0,8855200;8,2228403;1,6275100;4,0525599;-1,0304700;2,0897901;0,6306800;-4,7566700;1,8853000;1,9735100;0,5363890;1,1014700;5,3977900;-2,3977699;1,6215000;-1,4298500;-0,4296030;0,6483550;-4,8021798;4,0868602;-2,5767200;6,9785700;-0,0354910;-0,8158680;-4,6617198;5,3352399;0,6344150;-0,2516130;-0,4174870;1,2843400;4,3789902;9,5058603;-1,1327200;4,5342302;3,0093501;1,9710600;2,9898400;2,4107101;5,5047598;3,3814600;1,4988700;0,9441910;-0,2166030;-0,0588751;3,2816200;-0,1205850;3,4298100;2,7067299;4,7519102;2,2377801;1,2882500;3,1061499;-2,0698900;1,1352100;0,9229960;4,9429698;1,7713400;-0,4009230;2,4925399;-1,6252500;0,5480780;-2,7952600;4,6535201;4,1579800;2,1268899;2,6755400;2,2159700;-0,0342536;0,7447380;-1,6132801;0,5516550;-1,9874200;-0,4627610;1,1175801;1,0125400;0,2433060;0,8175720;1,3531500;4,7871499;0,2242350;1,0689200;-0,0175405;-2,6649001;-1,5029300;1,3976200;-1,7493100;-0,6786830;-4,1839399;3,1856101;-3,1803000;-0,3225240;-2,1758299;2,7814500;2,8186200;0,8067450;2,8299601;-0,9419210;1,5605299;2,1947601;2,7561200;-0,1799040;1,1794300;1,1386600;3,6463900;-1,5915600;0,6336790;-2,1861801;-1,4827900;-0,4664640;3,2440801;0,8552910;4,2219000;-1,4804900;-8,1497202;-2,6051800;7,3985200;7,1626902;-0,9477380;1,2394600;-0,0306792;1,0548800;-2,0713201;-1,1636900;-1,7050101;3,1985500;1,9857301;5,3091302;1,1155601;0,8850230;1,2450000;2,0874000;1,4228100;-0,6061880;-1,0691600;-0,3186140
20334;61634494;449480,500000000000000;5687313,000000000000000;350,3999939;0,0000000;1,6171800;-0,5994230;1,0584800;2,8173299;-1,0912900;-2,6577101;-0,8477450;1,9706300;-1,6061701;-1,4914000;-1,9023600;-0,7197160;5,2743201;-0,9099650;-0,6361590;2,1494300;0,1525940;-1,4855000;2,7651601;5,1872702;-2,6641700;0,0231395;4,5871501;0,6367120;-1,1917400;0,6050050;4,5192199;-1,9561900;0,7021310;1,7030300;-5,0434699;0,1848790;-1,7552400;1,2469900;3,6942899;1,2153600;-3,9085500;-2,2541800;-2,6925399;0,8468330;-0,5707760;-0,0412687;-2,8818600;-2,5116501;-3,6895599;-1,9323601;-0,2860360;7,3688798;0,9671720;-0,6388260;-3,4123800;1,9803300;0,6498260;-0,8625400;-4,8106298;1,8189400;3,9626801;-12,2789001;1,7280000;1,0812600;-0,0923688;1,5288399;-1,5206600;-1,5051399;-0,3624360;2,9993801;-1,5598800;1,5036401;-1,0541700;-1,5624599;-4,4578500;-2,0579600;2,7513800;-2,2282801;0,1232860;-1,5800800;3,1158600;-0,3368560;-2,1100299;-0,6167210;-2,0553300;4,5049300;-0,1982180;-2,0242600;1,6339200;0,0047970;1,6102999;-2,9841001;-6,1415701;-0,9670260;-0,1368190;1,7938499;1,1389400;1,6328599;-1,3082500;-1,7531800;-1,8419600;0,7672740;-0,0348158;1,3195800;3,2079000;3,6963100;3,6157801;1,0054200;1,8637100;2,1864600;-0,7288900;-2,5869701;1,1661000;4,0784402;0,9615720;-1,6025600;2,9807899;7,1045699;-2,8709700;-2,7344699;-0,2804530;2,2805901;7,6158299;4,0443802;-9,4588604;0,8165990;4,4047399;6,7777100;-0,0644658;-0,0680536;6,6280298;-1,8843900;2,6510701;4,4141698;-1,0298500;1,2170800;1,0420200;-1,5325000;-0,1008580;3,4211900;-0,0094939;1,0780700;-4,3993402;4,5000601;-2,5066199;-0,3589960;1,0439600;-2,5091901;-0,3883920;3,6628900;1,8000300;0,5324050;-2,0642900;-4,9113402;0,6502050;1,2196900;-0,1242300;1,4218800;2,3310201;2,6485100;1,1158299;4,2657800;2,3106699;4,0854602;3,9897399;1,1750400;2,4527600;2,7354801;0,8046770;3,5858600;4,0114002;2,3954401;0,9900350;0,5880880;3,0797000;0,3607620;3,8397901;-0,8021860;2,4745901;1,2122400;3,0004799;3,2386701;1,7738400;0,4584560;2,2085099;6,3164501;0,6363560;1,5185300;0,3374460;4,0374799;-0,4949980;-3,1677001;0,5689180;-0,2441710;0,1259690;-0,5935210;0,4398900;-1,7832299;3,9333601;-0,2625580;1,0727800;-1,4668800;-1,5909100;-3,1511500;0,0534680;3,7764599;0,5225650;-0,9654800;0,5475070;-0,3548720;1,1614701;1,4901201;-2,0671301;1,7307700;-0,0685874;0,2041810;1,4756700;1,3435700;-0,6859160;1,3475300;0,2258070;2,0439200;0,5006480;3,5813601;-6,0552301;2,3465600;5,9692101;7,4544201;7,8393998;4,1953402;2,6322899;3,8801601;4,6818199;1,3606600;2,7618799;6,4088898;3,9531701;-2,3612900;1,1748400;-4,8116498;4,4996700;4,7197299;2,5309100;1,6075400;6,4548502;-0,9727920;4,8468399;2,5033200;2,1697199;4,6361699;-2,6183801;0,9367300;7,9092999;-12,3740997;-1,4769700;12,9110003;1,8881800;0,2767340;-1,5748200;-0,3924510;-0,1534310;0,3288200;-0,6849880;0,9122320;-1,8763000;-0,1785460;0,0708481;1,9335200;-4,8011098;1,7885900;0,9136130;2,9045899;0,9405020;2,9646399;0,8511090;0,6693560;1,0429600;1,0496900;3,6210201;12,0635004;2,3022599;4,4464202;5,9309902;2,3002000;4,1193700;1,6897300;0,2616680;3,2345400;-0,7032960;4,3737102;5,3248100;0,7546330;-1,0166200;0,8120310;2,7162600;1,4067900;2,2002699;-0,1557150;0,2833380
20335;61634495;449492,299999999988358;5687314,000000000000000;350,1000061;0,0000000;-0,6916660;2,2195699;-0,3536140;0,2719750;3,0331500;6,5700898;1,7929800;-0,0645137;-3,1751499;-7,1727400;12,3548002;-0,3401890;0,4768030;-6,0137200;-1,8083900;-1,9301600;0,2795770;3,7834401;-1,6921600;2,2203200;0,8760190;-15,2046003;-0,7601160;2,6328499;-1,6113800;6,0800500;-1,1407200;-10,5164003;2,3818400;-1,3710901;-3,7201500;11,9778004;2,5834100;-6,4405499;-1,2822300;1,7738100;-0,5638190;-0,6292110;0,1693490;-0,5420670;-1,5319300;-3,5077000;-9,3520603;-0,3256080;-0,8954240;-3,5909500;0,2276510;3,4283900;-2,4578099;-3,0591900;1,1544600;4,1131201;1,2412000;-8,0354204;-3,1541300;5,0366802;-2,1679800;-0,5282580;-3,4088199;-1,3751200;-0,5351310;-2,7006099;-10,5309000;-1,9214900;-5,3557401;-1,4924099;-1,6095600;-12,2143002;-1,2338001;-0,6518990;-0,4946330;1,3442200;-6,8421602;-1,8291900;-3,9454200;-4,0211101;0,3217950;-6,2409701;-3,2836201;-6,1639700;3,2059100;-5,6021600;1,1783700;3,8741500;-5,4798002;-5,4745302;-3,2794099;-6,4402699;-1,4460000;-8,5033503;1,0947599;0,1790950;-1,3581899;-5,1200399;-3,3697701;-1,7628100;-0,9832270;2,5314600;-1,3036900;-2,1199901;-5,9579000;-1,5400500;-0,1312460;-1,2543100;-2,9795001;-1,9659400;-1,2144400;0,6934670;1,6234300;-3,4881499;-3,3585899;-2,8112600;3,7196200;4,4298000;4,2411499;0,4154730;1,7506400;-3,5231800;1,0851400;-4,2196598;-2,3847201;0,7959340;-0,3878620;3,3007300;0,3453060;-6,7957401;-9,4956903;4,9717898;-0,8288530;3,9290900;-4,9096198;1,8116100;1,1786300;-3,0469201;13,0941000;-0,7159640;8,4336205;4,0100002;-0,7538690;-0,7475980;1,4614700;0,9856770;2,8305199;5,0946298;-0,3280050;-6,4673400;2,6560800;-0,3366700;-1,2899600;-7,3620300;4,4677901;-1,4126101;-7,3541498;-3,9391100;0,9128590;0,1275390;3,9827600;-1,5013900;1,4840800;-0,1612600;-7,0455799;8,6797600;-4,5192800;-13,1484003;6,5778999;2,7510500;1,1932300;5,4004302;5,8029299;0,9748540;1,7333400;3,1183100;0,1946810;0,9034740;1,8528600;2,8285100;-1,6425700;-3,7829001;-0,8836530;5,7843599;-0,0067852;2,3754799;3,5314400;4,5889401;3,6562500;4,2075000;2,3064101;0,3392140;0,7758030;0,6929490;-0,2709930;-1,1334200;-3,3333399;4,7911501;-1,5390199;1,3567700;-7,2898002;7,3068600;-10,6149998;-0,5294940;2,8139601;-0,5933700;-0,3471210;0,3002970;2,0307600;-2,1868899;1,1549400;2,9796400;0,6102360;2,7536900;0,1327130;-1,1417600;0,5035950;3,2167399;-1,3194100;-0,5920470;5,3490801;-2,0737500;0,8265470;3,4867401;3,5206900;-3,8406799;0,1281450;12,1419001;-5,2891598;3,8468101;-0,9379490;2,2872801;3,2564499;3,2124400;1,6935700;4,8613601;4,4992199;-0,8626720;-0,8447420;-3,2093699;1,3333300;-1,3232300;-2,2726400;-1,6292500;-2,9747400;-1,8946800;-1,9535500;0,1099360;-5,2102599;3,7189400;12,1140003;4,3522601;2,1266301;-1,2657100;-1,6132100;4,9593000;-0,6824130;3,4668801;-1,4426500;5,8633599;0,2658750;1,1697000;-0,9946930;-1,2815599;0,6881140;2,0811601;-0,1141340;5,5221100;-2,1257401;4,0662098;2,2577600;4,2082400;2,2114201;2,5916800;3,7590899;-1,6403700;2,2565000;1,1297700;0,7605680;1,2147400;-0,5844960;-0,7385270;1,4905800;5,4739599;3,5015299;3,9826801;2,1643000;0,6572580;-1,6237600;-1,8912600;-1,2677000;-2,5519099;-3,2393000;-1,8581700;-0,9104380;-2,7856200;-2,1261899;-1,8581600;-1,5295100
20337;61634531;449466,700000000011642;5687313,000000000000000;361,8999939;0,0000000;-0,2530310;-0,1583530;-1,0607200;-4,0753498;1,5399100;-4,3040400;-2,3127799;-1,2578200;-3,3866401;-1,2311600;-3,3894200;-3,9671400;-1,0666600;-1,4505900;-4,7698398;-1,0650100;-3,5485201;-2,7555599;-3,0574901;-4,3431101;0,1246010;-7,7671800;-9,7321301;-3,4014101;-4,3438702;-3,4005899;-3,5676799;-0,9593600;-10,8670998;-2,3146200;-1,9827000;-1,1640900;-3,2971301;-1,9138401;-2,4286101;-2,5539401;-2,2274699;-1,4111600;1,0999200;-2,9834900;-0,2355110;-0,7231990;-4,5486302;-2,9272799;-3,0253799;-0,3386140;0,4509890;3,0488801;-2,0175800;-0,8753750;-2,1518900;-0,1855920;-0,3956430;-2,1807301;-1,9008300;-2,9828401;-2,5760200;-9,7471104;-5,2795000;-3,3887100;-1,7446899;0,3543480;5,5900302;-13,5763998;-4,4013200;-3,3743000;-2,9590399;-3,4042101;-1,3675100;0,7249770;-3,2768800;-2,7299299;-6,2202702;1,7690001;-3,7154400;-1,3951600;-1,1726900;-4,9299502;-6,7426701;0,9603980;-3,1205299;-3,2488101;-2,3655400;-2,5846801;-3,7254601;1,3422000;-2,9506800;-2,6361599;-0,2168080;1,6288800;-7,8091202;1,3348500;1,5930300;-3,9156799;-3,7384100;-2,3845899;-1,9050100;-4,4362602;-4,2627301;0,3911480;-3,5823700;-2,2530401;-2,6608500;-4,0399199;-0,4652650;-2,8187201;1,7048500;-0,4452170;-0,5443100;-1,9865800;-1,3198500;0,0743084;-2,0804999;3,8259201;0,8400160;-1,8199300;0,4220250;2,8750701;1,3918800;-0,8025480;0,0076871;2,0848701;-1,5141799;0,9486820;-2,0294199;-3,1431401;-2,5370901;0,7570600;-1,2734400;-0,4853140;-3,3471401;-0,2535190;-1,9814301;-0,4656410;-4,8528600;-2,2746401;1,3733600;-1,9405400;-0,1629620;1,4015700;-1,7862099;-0,3310100;1,6334200;-0,7591420;-1,8146800;1,2291501;-2,2451200;-1,4454200;-1,1875401;-6,3516998;-0,8568860;1,6960900;-0,7681200;-0,3470560;-2,5565801;3,2522399;4,5303402;1,4345300;0,2979980;0,3150030;-1,3381799;-0,5450530;-1,7590200;0,1116680;0,2929050;0,4636150;-2,4475300;-2,7551200;0,7603440;-1,6700100;-0,2179210;-1,2395101;-5,1663499;-2,0215099;-7,2594099;-2,3079600;4,5484800;4,7629299;-3,5594699;0,9643590;0,6180730;-2,9782000;-1,1191100;-1,3310601;-3,1019800;0,0125303;-4,5061302;-3,8420701;-1,4842499;-1,4480000;-0,7884390;-1,8115700;-4,5228601;-1,6973799;-0,0103397;0,9805360;-1,8974299;-2,0811601;1,8092400;0,8866560;-0,5852970;0,7332890;-0,0215821;1,6320300;-1,7659600;-0,7395750;-1,5245100;-2,7667401;-1,0297000;-0,1780690;-0,3070890;-0,4403170;3,1405699;0,6521110;-1,8542300;-1,1349699;-2,3896899;-0,3755540;0,3077400;-1,0216300;-2,0071800;-1,3922200;-2,5659201;1,8956500;-0,9004480;-0,5631120;-1,4678200;-3,4153800;-3,3973000;-3,6680400;1,5260700;-1,1197799;-0,3938090;1,2095000;1,3372101;-1,0382299;-4,8379598;-3,7706699;-1,7372500;-1,0736200;1,6866100;-0,8536420;-1,0625600;-7,4980698;-0,4096910;-2,2591500;2,0434101;0,0516949;-0,4893590;-1,2255501;-0,4959340;-0,8976250;-0,2203550;-0,4060980;-1,6652900;-1,3678800;-1,7563000;1,1461700;-0,6407500;-2,3232801;1,5293300;-0,6174340;-1,0540000;1,5266700;-1,8414900;-3,9960001;-0,9601980;-1,5710400;0,8125840;0,6842910;2,6762600;0,1689980;1,3097399;-1,0430700;-2,9527199;2,4334900;-3,0943100;0,2163650;-0,9337960;5,0310998;-1,6090100;5,0593400;0,0776944;1,2988200;-0,3260790;-1,8912500;-1,5027200;-1,4009300;-3,1380200;-1,2946700;-3,5781400;-2,3146801;-3,1626699;-0,4110740;2,4536700
20338;61634532;449496,500000000000000;5687317,400000000372529;347,1000061;0,0000000;-2,3975301;-5,5818901;16,9589005;11,6238003;9,6937799;12,7124004;12,0763998;7,8475099;7,7457800;11,3139000;9,9080095;10,7605000;8,0398798;17,1900005;10,4434004;9,5746899;7,4683900;11,4429998;-0,5055920;4,0586600;-0,9702450;6,0639000;15,7095003;-0,9454610;5,2414699;16,7182007;8,5855999;9,8902102;3,1069100;16,6501999;4,4384999;7,2376900;5,8818798;8,1044197;1,6919900;4,4683299;7,2010698;7,1258402;6,1207800;4,2984500;5,1148901;0,3191730;15,0761003;3,8565900;7,7730999;6,2063398;9,3500099;10,1725998;4,0939102;11,5474005;7,6113501;7,0524001;9,8507795;7,0900302;4,7651601;5,2354298;14,3373003;-3,2254601;-5,4969301;6,1214600;9,4947901;5,8180799;10,6812000;0,4311350;5,6384001;3,2421300;5,2147398;8,6853600;5,7891698;7,1462102;5,1724000;6,5153599;3,4947600;17,0737000;0,8682350;7,7920499;11,3030005;4,1750698;10,6079998;0,4067540;4,2693000;3,7717900;9,6388798;15,0103998;6,0109701;4,7437401;-0,1557740;9,0664196;-3,3015101;-0,9837100;10,1885996;11,3111000;7,7737899;1,5257400;1,2553300;6,2074199;5,4074898;6,8504200;-5,5214000;12,4603996;4,3880301;10,8374004;9,9476404;7,0984502;8,9569502;7,6751099;5,1313400;8,7087603;5,0855799;7,8898001;11,3141003;3,6166699;7,7883201;13,8207998;4,5880499;5,9980998;7,2297301;4,2086000;4,7048802;2,1959600;4,7824898;0,6510280;-6,0420399;15,3202000;8,9364405;8,7608805;2,2626700;10,8143997;9,3024998;6,9723201;3,9578400;13,0242004;4,6405101;7,1884398;8,9291601;8,3522701;1,0969100;5,3126998;5,9318399;4,8291502;10,7045002;5,0944400;5,8532801;12,5864000;7,4968600;6,1107202;8,8149204;4,2628698;6,0608902;0,3054820;10,7765999;10,1368999;11,8274002;11,8855000;8,5391903;1,3295100;11,1690998;5,4962001;6,2076001;13,3079996;11,3767004;8,9449701;9,1325102;5,3191500;7,2170401;10,4231005;16,6707993;8,4940004;9,4428301;12,1169004;3,1170900;6,2861099;0,2238070;7,0145602;8,7702303;12,8872004;15,6498003;8,7549496;10,4247999;9,6290998;6,7165399;8,7309504;10,7479000;13,4981003;7,9484000;7,6097002;0,3697500;5,8173399;8,6341000;7,6131101;4,5030699;10,2671003;8,3450098;10,2180996;6,4559302;7,9124699;3,3410900;8,0386200;2,0435801;4,9821200;3,8765900;5,2446699;9,4995298;14,0141001;6,8246498;2,1647201;7,9567800;3,5964401;5,7437401;10,5156002;8,1911297;3,2382700;2,0982101;7,9154501;4,0952101;2,7422400;0,2806420;7,3100901;-4,1884899;11,0236998;12,1307001;10,8189001;11,9816999;7,4179802;5,6563301;3,1687901;3,6849599;3,7225299;7,1280499;11,9097996;8,6793003;4,4981098;7,1206799;4,5084600;9,2511997;2,1060801;6,6347299;6,3160601;12,7490997;6,4208698;6,3699899;5,4248700;4,9258800;7,9411602;5,4513001;9,4438000;0,1809840;13,4674997;8,0665903;7,4354701;2,1666901;7,8281002;10,7081003;19,3090992;2,0328300;7,7222199;12,1155005;10,6812000;8,3989296;10,0059004;8,4170599;8,3698397;7,8166599;9,8213301;2,0292201;8,7086601;9,7375603;8,4719896;7,8286200;12,0339003;-4,6999798;5,6137500;8,2044096;8,9402199;11,8986998;9,6214705;9,7729902;12,0134001;7,3727298;4,0714002;5,6737099;10,3716002;9,9420700;7,9404702;9,2420597;3,4688799;8,7215595;8,6735201;8,4347401;15,5660000;6,4401898;7,4879098;8,4492903;7,9091601;2,8400199
20339;61634533;449506,200000000011642;5687319,200000000186265;348,3999939;0,0000000;2,0967500;-0,2074130;3,8198700;1,8802100;0,3097530;-1,2795600;2,3391199;2,5631399;-0,9063240;-1,6108900;2,3929801;4,2590699;1,1194800;0,1354170;1,6221400;0,3871870;1,5871400;2,7495401;3,7921500;10,2756996;3,9111400;-0,7938810;2,0148301;1,7070800;-0,0816504;-0,2136680;3,3403399;-1,7762800;-2,3625400;-0,1285720;-1,0135100;1,8219600;4,3892002;10,0615997;4,5165200;-3,2103400;4,0397801;0,3624940;1,5854599;2,0897501;-0,8358320;0,2830920;-1,2908100;-6,3555498;8,7691898;8,4182997;0,7262320;4,1752701;1,9025300;3,8026299;6,5391598;2,3120601;4,6204700;2,4298999;1,2107000;0,1218780;0,9276340;-4,2820601;-6,2838602;1,2483000;-1,8268000;-4,1235600;1,1437700;0,2341990;-0,5856170;2,1551900;2,4136701;-1,4362000;-0,4270450;-1,3193500;1,2251900;-7,5250802;-2,3848500;-2,1169500;-0,0106543;-6,0618000;1,5828700;2,9132900;0,8305610;-4,9431901;5,0308599;13,5225000;7,5596299;3,4726801;1,7208600;2,9623401;2,5750599;-4,0659599;0,5195770;3,5849199;-0,0302535;1,9530700;-3,2155001;-2,3320701;-0,0630074;7,0695400;2,2847400;2,0309899;7,3442502;0,5346050;-1,2596600;1,2062200;1,7626400;-1,7199500;-2,8887501;1,0759799;0,8575900;-2,6693699;3,1926601;5,3659601;3,4419100;0,5155410;-1,4386100;-0,3839070;0,3738530;-0,7235880;0,5636690;-4,7449398;-1,5904100;6,3657098;-1,6411800;-2,9749200;-10,0448999;-2,7273600;1,6652700;0,7648130;13,8344002;0,1656930;2,2268400;3,5831299;5,1930199;0,4035330;4,3435702;-0,6375230;1,3182400;0,8282140;1,3214000;5,3366299;0,5799260;8,8729897;1,0673300;-9,9383202;-2,7289400;-8,1900702;5,8625598;-0,6403960;-1,5082999;-3,0156701;-8,3943501;-7,1304898;1,9929800;1,4233500;-0,6824430;0,5057910;0,4380290;2,8947799;-0,7799800;-0,5766820;-0,4952150;-0,7485930;3,7525499;1,6321000;3,9154699;2,8309400;0,7505900;0,4645520;4,7241902;-1,7884400;-0,3007090;1,7289300;1,7623900;-0,6706870;-3,3551300;0,5960820;4,0234098;3,4273701;5,5166702;1,3812500;-1,9249800;5,9149098;-1,3976500;-0,6952080;0,8003500;2,2119601;3,5869501;3,1541600;2,7284601;1,2159500;1,7062500;0,3368090;-0,4114570;0,7451730;1,8526000;1,6922600;-1,7006400;0,2842360;5,1312199;2,6406300;4,2228098;-0,3741270;-4,5731602;1,8340200;0,2591280;-2,9287701;1,5334300;0,4887680;3,2296400;-1,0006200;-1,8750700;-2,0231199;3,8404100;5,1098399;2,7795501;3,0953400;2,2402899;2,5550699;-0,5472490;1,6432000;2,3718700;5,4219198;4,2471900;4,5788498;4,0111198;2,7103801;2,4897900;4,5400901;2,1902900;2,6484699;2,7091801;1,1947700;2,5382500;0,8153770;-6,0866799;-0,7299120;-0,6584540;1,3902400;1,1079201;2,0918901;6,1216302;5,7419100;2,8229899;6,9882398;0,0716913;-0,5154670;2,6900401;3,0847499;2,1298599;1,9243701;4,2657399;0,3734210;3,7903299;2,6506500;5,8057599;0,9382460;-0,1601040;1,7901500;3,4726501;4,1050701;-0,0691989;5,8998499;7,0231400;6,9236999;-0,2652360;-0,5675040;0,9870600;0,9873640;-3,8300800;-2,7434599;3,7550499;5,7363601;2,0100901;3,2078700;3,7599299;5,3048601;3,1830900;3,9881599;0,0946620;3,4354100;3,9787500;1,9614100;4,2589998;3,9590299;2,3558800;1,4868500;1,1328100;-0,8402030;-4,8987699;-1,9064200;2,2575800;4,4730301;2,1508501;2,1109600;0,2458810;3,5470700;3,6504500
20340;61634534;449514,400000000023283;5687321,099999999627471;337,2000122;0,0000000;-5,8314600;-5,1521101;-2,4827700;-4,3248701;1,3616700;-8,2425699;-3,7081299;-1,6907400;-5,3175802;2,6467600;-0,9594020;-6,9549198;-3,5871601;-5,4638100;-3,2227199;-6,3496199;-3,4705501;-15,7783003;-2,0879500;-0,9255830;0,5209940;-5,6415901;-6,9939098;4,5499501;-2,1348600;5,8702898;0,4801990;-4,3414698;-1,0432700;-4,1290398;-5,6988902;-2,8539400;-3,5241001;-3,1239400;-5,7245598;-3,8697901;-3,3290200;-2,8949101;-2,9828999;-4,7674098;-4,7300601;-4,3323302;-5,5123601;-8,3389301;-2,7875500;-2,3578200;-3,9452600;-1,5779901;-5,5866098;-2,1349001;-1,9026300;-2,3048999;-5,4933000;-2,8914101;-5,5936198;-2,6999900;-5,3822799;-7,3575702;-7,0743198;-3,9092200;-2,6492100;-5,2117500;-2,1727300;-1,0889400;-0,0735312;-3,6274600;-2,9842401;-3,6435699;-5,3306398;-4,7742300;-5,8941698;-2,8346601;-4,0276799;-1,2541699;-6,4933901;-2,3469999;-3,7562001;-0,8311010;-7,6186700;-4,2265201;-7,5252199;-4,8812299;-6,8376899;-6,1694398;-7,1376600;-4,0669498;-6,9543700;-4,9031200;-2,1745300;-7,1161199;-2,2765400;-4,5494099;-3,1334600;-6,2724099;-4,6900001;-2,1186600;-3,3956699;-2,9361200;-0,2138450;-5,6649199;-4,7017999;-5,1410499;0,1894810;-6,7954102;-7,0587201;-5,6028199;-4,2682900;-3,7915399;-7,4045300;-12,7061005;-2,2631199;-0,4882040;-4,1371398;-2,1288300;-2,5235600;-3,7681201;-0,9138570;0,3444660;-9,5388899;-8,9952698;-5,2408900;-6,8242798;0,8130390;-2,4472401;-3,2942700;-4,3977900;-4,8730798;-7,2423201;-8,4329901;-1,2152700;-7,9468999;0,5839510;-0,9193650;-0,5434630;-2,9363699;-5,3915801;-0,8503840;-2,9750099;-2,9684000;-6,4651098;-6,4620299;-7,2826600;-2,8710499;-4,1844001;-5,6470199;-10,9214001;-6,1505599;-5,4056401;-4,2632298;-10,2608995;-3,0526400;-6,3262100;-4,6075401;-6,3579402;-5,6232400;-10,1260996;-7,7816901;-7,7286601;-4,9800601;-2,5731599;-6,0129399;-2,8198700;-5,8676500;1,5479800;-2,4874599;-2,7402201;-1,5840900;-2,7994699;-4,6922202;-1,1386900;-2,0955000;-7,0652099;-8,0268202;-5,7464800;-2,0535600;-1,9422100;-1,8575000;-3,2440200;-6,6499701;0,7975540;-2,6961200;-1,4731899;-0,8013220;1,0263500;-5,2513099;-2,0781000;-1,7485100;-2,3765199;1,0688500;-3,2752299;-2,9444599;-3,0808101;-2,5620501;-2,8472099;-5,7422700;-4,0037298;-5,4068098;-2,3467300;-3,0796399;-8,5043802;-5,0559301;-2,3842399;-4,7463999;-4,0704598;-4,5852299;-4,6016002;-2,2588899;-1,4817100;-2,9403999;-2,3890400;-3,6004601;-5,7545400;-7,7779598;-6,7678399;-4,5430498;-3,4909999;-4,5135999;-10,3706999;0,1415760;-5,4580402;-2,6027999;-4,0190701;-4,1574898;-1,4752100;-5,4025998;-4,3407502;-2,4437399;1,3593800;-2,0747800;0,5611000;-0,8839260;-5,2704601;-1,1157700;-5,8642101;-3,1234701;-0,9240350;-3,8299699;-4,1804600;-6,5304198;-0,8252750;0,2081770;-0,0965214;-4,8207002;-5,2451501;3,5886800;-0,1752770;-6,6782298;-4,8796301;-12,7988005;-7,1923099;-5,7578702;1,4674000;-1,3354599;5,7947898;2,8791399;-1,2064199;-3,7346499;-1,8295600;-4,1356001;-3,2937200;-0,7066950;-8,3335800;-3,2012801;1,1484700;-6,3612599;5,6268802;-3,1752200;0,4010620;-2,6513300;-2,0314701;-1,7738500;-3,9498100;-0,5476330;-0,4248040;-0,8825960;-8,5855598;-7,2126598;-2,4982200;-5,2396598;-1,6056800;-1,7210600;-3,2068300;-1,0609699;-0,0397949;-1,4623200;8,3722696;-1,7061800;-1,3521800;-1,4762900;-1,2961100;-1,3773600;-3,4959500;-1,5775300;-0,7572670;0,7091460
20341;61634535;449530,700000000011642;5687323,500000000000000;329,7000122;0,0000000;4,8612599;6,4507499;5,8575501;5,0341301;7,8139300;4,5306001;6,8989000;6,3670301;2,4701800;2,6553299;5,5830498;6,3231602;6,8421302;13,7575998;7,0383201;7,4580898;1,3606300;8,3611202;11,5085001;6,1307802;1,8020999;4,9925199;2,7159400;4,0024099;3,7617300;3,6103699;1,2204500;-1,6402900;10,3241997;5,5683799;10,6443996;7,1669698;2,2470500;4,9534602;5,9538398;8,5745602;9,0438995;5,6959500;6,5149598;5,8751602;1,6757600;3,0939300;3,8067601;7,3696699;6,2076101;6,5110602;7,3848300;5,1141000;5,2943001;9,1903496;8,3964500;8,5208197;6,0305800;5,0331202;9,0706501;4,0642200;6,5209899;-7,2971702;12,9628000;1,6777101;3,4992599;5,5567198;3,4411900;6,6082501;-3,1449399;-1,7753800;7,9851098;9,4128199;6,7858500;6,2571802;1,4380300;1,8670100;10,2820997;1,9871500;2,1954501;5,9449902;10,8690996;2,2393401;-5,3646002;5,8703799;4,6813598;5,9700799;6,3828301;6,2321200;10,4893999;5,3695898;4,7764702;1,3817700;3,5282400;5,9600902;5,2686601;2,7229600;7,6171999;3,1427000;0,4766040;7,1291399;6,9678898;7,6943302;4,7207398;2,7757800;5,7291198;4,4318800;5,8780799;7,7612500;5,3541598;5,3057699;8,3889999;7,1768999;6,0223498;6,4398198;6,1099200;3,6462700;3,8597701;5,5333800;6,0927601;1,6017500;2,0228300;6,8259001;1,9243100;3,4452400;1,1653900;3,1184299;10,5929003;6,8936901;7,8414001;4,9602299;7,1562901;4,8707700;4,7984200;6,2897401;4,2020102;8,9126701;1,4333000;9,5495300;6,0387201;3,3470600;7,1052499;4,8103700;4,5759101;-1,2757200;7,4999700;5,6540399;8,5288801;5,5219402;5,8052902;5,8657098;6,5740700;0,0934427;4,4315701;1,4068900;4,3969402;8,3052597;8,2311697;4,2860699;4,3037500;3,3940001;2,5459599;6,7292099;0,3525090;3,7239799;4,3411002;5,8661299;6,3503699;6,7375898;5,4911699;4,2756600;3,9789701;7,3256001;3,4432001;4,5249901;6,5680799;3,3544400;3,6424100;3,8412499;4,9967899;7,1828699;4,6035900;2,6083400;4,6045399;6,5123401;4,3656902;6,2638602;3,6581900;4,0241199;3,8166101;5,3947802;5,8433099;9,2496901;4,2351499;15,7299004;13,3128004;3,1238999;2,7699900;8,1604099;6,1644402;6,7247901;7,8042598;5,2126002;8,8732300;5,3377800;6,1602702;5,1244102;5,6206398;5,7493901;4,2211299;5,4791298;7,8126998;2,2837200;5,3077798;4,8608599;2,8592999;3,2823000;6,8969898;2,0789700;1,8067600;7,5249400;9,0251703;3,1700001;7,5028701;5,1538200;9,2642403;5,8688898;8,4906702;3,8508301;5,9901700;4,2937698;3,6833100;3,7242801;4,4569602;0,3645550;6,9294200;4,7096801;3,9662900;-1,7725101;6,4939899;2,4234099;3,0688701;6,1949601;7,7241702;1,9974800;2,1396799;5,3890100;5,8031602;6,0903401;6,3607302;6,5558901;7,5958200;9,1368198;7,8011799;5,1446099;4,3689098;4,2012801;8,6366501;5,8766799;4,9075899;1,8706200;5,0186901;6,4366698;9,3060503;5,6515398;6,0399499;3,9690101;4,1855602;7,6988201;1,4968500;6,7612801;6,0976400;10,0921001;8,6925602;9,6413403;5,7496200;7,0691299;3,3331299;4,7633801;7,3879600;7,4852200;6,0370402;9,6091099;8,6136703;5,9616399;6,7799702;2,9145000;4,4747200;11,3107996;6,9857101;5,4290600;7,9407401;5,8695202;6,8607602;8,7349701;9,3283997;9,1960201;7,7550502;10,0483999;5,6881599
20342;61634536;449542,700000000011642;5687325,799999999813735;329,8999939;0,0000000;2,7033501;6,1410999;6,3509102;4,5284500;4,1814699;3,2901499;5,3906698;5,7152200;4,0784402;2,3826900;6,1206398;5,7715101;7,2372999;4,3365698;10,9421997;7,8988800;5,5841498;4,3101101;5,8409700;5,8140302;7,6369600;6,5338702;5,8389802;8,5773201;3,0659900;8,3688898;7,8566599;2,7833400;5,5662198;2,2057700;4,8042302;5,3517499;4,8582902;7,3092799;4,6866002;6,4440799;5,8004498;6,7294102;4,2198701;5,8090000;2,3864701;5,8775501;1,5965000;3,9997699;3,7753699;6,0740800;4,6566601;6,1494398;9,0811195;8,1015797;9,3982296;7,5456901;5,9033699;3,4454200;1,6004200;6,2563100;4,5994301;2,6705899;8,1524801;6,1095400;-0,0268455;5,8160300;1,9929100;8,4982300;1,5261700;2,2380600;5,0486798;3,3382199;2,2523601;4,1661201;3,0182099;-0,4849340;5,9274502;9,1734200;5,4312601;1,5555600;5,6239600;5,5684600;-4,1564698;-1,7962700;8,7604399;1,1889600;3,2225201;3,8624001;3,9456301;3,6932299;5,5377898;-0,0349140;5,1301799;8,1852102;4,5834999;6,5958800;5,8026800;3,9757299;4,4456501;10,4553003;5,1117902;5,4262800;2,9098699;3,4885399;3,6356101;3,0190799;5,0586400;3,6869299;4,6450701;1,6210500;6,7404099;2,4839301;4,4596300;3,3351300;5,8649101;1,8427900;7,9053102;9,6803303;0,3610380;-0,4361980;1,7293500;3,7725599;3,9708800;2,6580200;4,2224998;7,1448102;4,8513598;4,6331100;6,6985502;7,7566600;-2,0859699;6,7922401;5,1923900;6,9689798;2,5271299;6,7968798;3,2565899;9,9863501;4,8944998;6,2421198;3,4938300;-3,6686699;4,7019701;1,8608500;5,8910899;4,9793701;0,3484200;4,6105199;7,9920702;6,5487900;3,8074400;3,7384100;3,7836499;-2,1191599;4,9146199;2,8960400;3,1766601;1,1233200;8,2527399;4,1099200;4,9285498;2,9004099;2,6281300;7,2904701;3,8506801;-1,0553600;5,3010402;3,5104499;5,3270202;3,6077299;8,3696604;5,3410602;6,0090098;4,1532998;5,1968298;6,4785299;5,3641400;3,6434901;4,9807000;5,3731699;3,4079299;5,8328700;2,5498300;6,6764398;5,9854102;3,0735700;4,9077702;4,3333602;5,8675199;3,1507900;3,7678399;13,5754995;1,9855900;2,8753800;1,2407000;8,4057398;6,4004898;6,9062901;4,8544302;5,2579398;4,1159301;2,6969700;6,6097398;6,4107399;5,7873001;5,4285798;5,4046001;4,7484999;7,6351700;3,6218901;4,8170600;1,7585900;-0,8189130;3,8170500;5,3885498;5,9545002;11,4871998;-7,9505000;5,6680899;2,4808900;3,1712501;0,9281960;4,8270602;3,9186699;3,4584100;4,5715599;8,8956099;3,8771300;6,6961002;4,7957602;2,3456399;7,0794301;5,7008901;4,8542399;1,0566800;5,8662701;6,2497101;3,9770501;5,5757098;3,4952300;7,7835698;6,9842801;8,6075802;4,7771301;3,8327999;7,0112300;16,1669006;5,7641201;-0,1542590;3,6486499;6,1040802;5,3717299;3,4865501;4,1370301;5,1309500;5,4247398;9,2866402;3,4524801;1,4634500;3,7090499;4,6012902;7,1445899;3,9978299;3,7650001;5,3329401;3,1367600;3,3178501;4,2072301;0,6607510;1,6544200;-1,9722500;5,3410101;5,9707899;8,4318895;8,0078201;4,1588898;5,2791600;6,9985800;5,8341599;7,1533198;6,3887000;3,7946701;9,0302496;3,6144700;5,4376502;3,1105800;5,6775999;7,4032502;6,0369802;7,6635299;5,0611901;6,5787702;8,2914896;5,4379101;8,4817200;5,2109599;9,8697300;8,2477598;3,6120801
20343;61634537;449548,700000000011642;5687333,099999999627471;323,6000061;0,0000000;-0,7537130;-3,7102900;0,6509280;-4,8898802;0,1670590;3,2229800;-1,2743800;-2,4298201;0,9560540;-4,1233501;-3,8043001;-2,0548699;-0,7933970;-0,4744130;-0,1162310;0,4877930;-2,2593501;-2,7263701;-3,6559899;-2,9776499;-0,8301700;-3,3377500;1,8078600;1,8618701;-2,0778501;-1,3480300;-1,3196900;-0,6305240;1,2110300;1,9832700;-1,9077200;-0,7357900;-2,3744800;4,4238501;-1,8132600;1,3852201;4,9206300;3,5999100;2,7450299;2,9951899;2,8557501;3,6947300;4,9557800;2,9252901;1,7733600;3,9518499;0,0381885;0,4935140;1,7615401;0,7665050;0,7241410;5,5326900;2,0621500;1,7299700;0,5470060;0,0691738;0,7569310;4,8466401;3,6589501;-2,9975400;-1,9060800;2,9980400;-2,5315399;1,2570400;1,4835000;1,0940200;-1,0159100;0,1570350;-0,1021360;0,3528070;-1,4091400;-2,6379199;-0,4459650;0,2152360;-0,5977590;3,1999900;1,9364100;-12,4766998;0,8608300;6,4751501;2,6215999;-2,6673000;2,3557200;-0,0591316;-3,4380300;-1,2151999;8,5054903;-4,1203198;6,8439598;0,0805049;-10,1977997;0,0222163;-3,7956700;1,5355999;-1,5793200;1,6151000;0,2363920;1,1311500;-0,4827900;-2,4929800;-1,9811800;-2,3137200;-1,1992800;-1,8116100;2,3883801;1,8581899;0,3762510;-0,9048300;-0,6608520;-1,3834200;-0,1134180;0,5416380;-2,1735101;-3,2303300;-2,9883599;-2,0885501;-1,7969800;-0,3380700;-3,0269599;-2,2028999;-0,1138170;-0,7850330;-0,7749920;0,1743110;1,2917399;0,0510697;-1,9064500;-3,4548299;0,5568460;-0,3594400;-3,1113100;0,2109020;-1,0709100;-2,1178701;-0,8070060;0,2325280;1,9379801;0,5221130;-2,4999299;-2,3548200;-1,4945600;0,3125680;1,4210800;-1,8193200;-1,4349400;-1,2110900;-3,5086601;-7,8902001;-5,6210599;-8,1465502;-6,1096902;-3,8422201;-6,1955600;-8,1825800;-1,8265001;-3,9193399;-4,3920598;-4,4080901;-10,0676003;-5,1364799;-3,5908000;-4,5819101;-5,1381001;-2,6638899;-6,9157300;-6,7522202;-4,2280202;-5,3903799;-4,9760599;-5,3756399;-5,5804701;-4,0353799;-3,6107399;-6,5799198;-3,8122799;-5,5732002;-6,0575800;-7,1685400;-2,6047499;-1,5670700;-5,7458801;-3,6116700;-5,1078701;-2,5043199;-5,0176401;-3,3301301;-3,4501901;-4,0973802;-6,3238802;-4,7649798;-6,4435501;-5,4773502;-5,3026400;-5,5418000;-3,9980199;-2,3019700;-6,2252498;-9,9474401;-0,9108460;-4,8545499;-6,9766402;-5,8980598;7,5566602;-1,2861300;3,2371900;-2,1427500;-4,5678401;-3,6577699;-4,3006902;-1,7567000;-3,7656100;-3,1166799;-4,8554502;-5,5189400;-2,2675600;-6,1474199;-4,8760700;-3,4037001;-6,6560602;-3,3460801;-5,7097301;-10,3852997;-1,9151700;-4,9049301;-7,1187801;-5,6921601;-6,5159998;-5,6063800;-4,9288602;-6,0625701;-8,2234097;-6,2647901;-9,1021605;-7,4985800;-8,8422899;-7,1848998;-6,8383498;-8,2572699;-9,8638296;-5,3824801;-7,4348302;-3,3201101;-3,6193500;-1,5475900;-7,4354901;-14,3395004;-8,7307196;-5,5207100;-5,7792101;-9,8285503;-4,5694900;-1,7815800;-7,2683802;-1,2901900;-5,0438299;-7,1106100;-2,3008599;-3,1759400;-8,3416796;-9,3212900;-14,2945004;-11,1500998;-6,9758401;-8,2112503;-9,4305496;-13,0985003;-17,2490997;-10,9354000;-10,7918997;-15,1969995;-9,0403700;-3,3996201;-3,2619901;-4,3664999;-4,4270802;-5,4518099;-8,8733196;-7,8832302;-6,4095001;-9,7146797;-8,9223003;-11,4329004;-8,3655300;-7,6492300;-6,4107800;-6,9754200;-10,1266003;-11,4099998;-12,4755001;-8,3410702;-4,6025500;-6,3784699;-2,5971000;-2,6275101;-6,8186798
20346;61634637;449422,599999999976717;5687330,000000000000000;375,1000061;0,0000000;-1,5286100;-11,7700005;0,7028840;4,6728702;-1,6532800;4,9365501;1,0004600;-1,6263601;12,6424999;12,2187004;0,4266910;11,3889999;2,4180200;2,2075801;2,1300800;2,5119400;1,9415900;1,1102099;-0,6983720;-1,0739800;0,9256510;1,4041700;1,5082500;0,6733740;-0,8709050;1,0621500;0,2432120;-0,5838390;0,6398350;1,3028500;1,2308500;1,8013600;5,2573299;3,4363501;4,1305900;1,3023800;2,6143301;3,6684699;2,5454900;1,6573600;0,7184380;4,1206102;1,0307900;-0,1096690;4,0826502;1,1287800;2,3105500;1,3623400;2,3290801;2,8672500;0,2717280;3,2553599;0,0741038;2,3415301;1,5839500;3,3913801;1,3785300;-11,6623001;-11,4007998;2,3729300;-0,0874453;1,6263400;1,5080200;-0,1097880;1,2402101;0,2086000;3,6000500;1,6616900;2,3484399;0,9860670;1,9111700;2,7479000;0,2527810;2,3302200;1,1411200;3,2325001;2,6163499;0,2531280;-1,9798599;-0,0897746;2,5867600;0,5095130;1,6793400;1,2273901;0,7470040;2,1969900;1,8329000;-0,1761230;3,4881301;3,3773999;1,6229500;3,1725500;2,0667000;1,3824600;1,3031000;0,9279490;1,1727800;1,3925101;1,4785300;1,4283201;0,2508580;2,1181600;3,8196299;-0,0452538;0,9953780;2,3238299;1,1959701;1,3862400;1,3793499;0,2611440;-0,2048570;4,4830699;-0,0211959;1,1819100;1,1538800;1,4571400;0,5134370;1,1240400;1,0713000;2,2307999;2,1552200;1,2123600;2,3577900;0,0040717;4,8883801;4,2868900;2,1422501;0,2543620;1,4452200;2,3492601;1,5713500;4,3038902;1,4141099;1,4422400;0,9566140;0,8704380;2,8378401;2,7333701;0,6378500;-0,1572930;-0,2079500;0,1630240;0,9816340;1,9170500;2,0763199;1,3585900;4,5457902;2,7155600;2,3944299;-2,5201099;2,7774701;2,5100100;2,8900800;2,2575400;3,0744200;7,5395398;7,4752102;2,8723099;1,8651000;9,5581503;4,0723200;5,2826099;1,8542300;2,8256299;3,2433100;3,9288800;5,8129201;5,2286301;4,9697599;6,1515498;1,4082500;3,2033801;2,9062600;1,1735300;2,2339101;7,0083299;4,4721799;1,9862000;4,5419402;2,5995500;2,8417101;3,8334701;5,1395602;4,2760000;2,8324800;4,5044398;2,7827799;2,2237401;5,0283599;4,6408901;2,5856600;4,1989398;2,4265001;1,9758600;4,5958099;2,7014201;2,8137901;0,6282340;3,3772299;-0,5749630;0,2201090;2,8605700;0,3148050;-3,5030100;1,5545100;1,0396800;3,6195600;1,8570700;1,5221400;4,5381298;2,8179901;1,5949500;5,7110901;4,0576100;2,9704599;4,3832402;4,1714301;6,4255700;3,0053699;5,4581699;4,0031600;3,9316900;6,6451898;3,1734099;3,7683599;4,4146700;3,7039599;4,4380698;2,4396901;6,2614598;4,9198999;4,8782902;5,6455898;4,4729300;2,7362001;5,0228000;6,6037302;4,5555501;4,1806202;5,1924200;4,5099902;3,6116400;4,3854699;4,4798002;3,8543200;4,1347499;3,7729101;2,5633800;2,9947901;4,8963299;2,5545499;2,7032199;2,9113100;4,8611999;3,4050500;2,4919100;2,9338601;1,8189800;2,5762200;3,4471600;3,8139100;1,9742301;1,0497100;3,0428200;2,7627299;-0,3339040;3,3749199;5,5046802;4,7626700;4,7110000;6,5964999;6,2719102;5,9913702;5,2794099;5,9752402;-7,5129099;4,9752698;10,3278999;13,6113997;15,3092003;7,2812700;7,8118901;13,6801004;4,5600500;7,6176400;2,4228001;6,0750299;12,9412003;10,4816999;13,4828997;-4,1632500;-5,5751700;-3,3936300;17,4655991;16,1200008
20347;61634638;449553,299999999988358;5687354,900000000372529;320,2999878;0,0000000;0,0999851;-0,2495250;1,4606100;0,5513290;0,4978310;3,0010500;0,0417080;1,4271200;1,8061399;0,3852940;0,6224930;0,6844670;1,3669300;1,8306800;3,1392901;2,9246600;2,6361899;2,5806701;1,7909300;1,6528200;3,1332901;4,7538400;2,3847101;2,4187801;2,0138199;2,1685801;2,4043901;2,8621099;1,9355700;2,1260800;2,7931299;2,0889800;2,4209900;2,7817500;0,0020161;1,9685500;2,0932400;1,9854000;2,9388499;2,7618301;3,0147300;2,9408700;4,7263398;3,6046801;3,0856500;3,2056201;3,1022999;3,5578699;3,8102100;4,3565001;2,6350000;4,6711402;3,0917301;3,3661101;1,8011400;2,1327000;3,2478099;-7,5323501;-8,1628103;7,3543901;3,3353400;2,7593000;3,5062001;2,8629701;4,0305600;4,3650799;3,6006701;2,6835799;2,1919301;3,1083300;2,9548700;3,4413500;3,4527400;2,5218599;3,1230400;3,1213200;3,3504200;2,4643500;-2,7870901;0,7061620;2,1295099;2,3697801;1,9229800;3,1028399;2,0452800;0,5816960;0,7032000;-1,2318799;3,4209099;0,9762870;2,2654700;3,1601000;2,4056399;1,8528100;1,9696500;3,2014599;4,0025101;3,8826900;3,1680801;3,4677701;5,2911301;4,8678498;3,3507700;3,0055799;3,8708301;4,3909001;2,9986300;3,5608900;4,2508898;3,4601700;5,1088700;5,8167500;3,8550501;4,9008398;4,6423998;4,7366800;4,1011500;5,0536599;5,0672102;4,8609900;5,5581799;2,9977000;5,1743898;3,6655300;2,4811499;1,5193200;5,0658698;3,9686301;4,0378900;4,1265702;3,7661600;4,5325098;5,5774202;5,0856800;3,9403901;2,6213100;4,1234298;3,5186200;2,9865100;0,3353710;1,9191500;2,4942300;4,9573798;2,9822500;2,6521001;3,6355000;2,7521801;1,3278100;4,1257200;-3,3849101;3,0329001;2,1006300;2,8592000;3,8085301;2,0355301;3,6985700;5,1481500;3,8013899;3,2135100;4,1783600;2,9233899;2,2763400;4,1013098;3,5432701;3,6881700;4,5086298;4,0866299;4,1940799;4,6924300;4,2351098;3,3809500;5,1301999;4,7164402;3,1806099;5,2240901;5,1877999;5,2056799;5,4776001;3,6613901;4,0300899;3,7005999;4,4421301;4,5628700;4,6198802;4,4629302;5,5747700;4,8270102;3,6252201;3,5169799;4,3349299;3,9242301;4,0219898;2,8013401;4,8539400;2,4331200;3,9945700;4,2787199;4,4133902;2,8514099;4,1736598;2,7074399;3,9385300;2,7869401;3,3043399;4,3179202;2,4554100;3,8728900;4,0624299;2,5250700;3,3314500;3,1573999;3,1381099;4,8439498;2,5510600;1,6474299;2,8306301;3,2019000;3,1376600;3,0332999;3,8986399;3,4208000;3,1913099;5,0891199;3,2991199;4,2735100;5,6618099;4,1082401;4,4508700;5,1969800;5,9455199;5,9411201;4,6827698;5,3753300;5,2382898;3,9818201;6,1374202;6,2814698;4,6440802;4,5092402;5,8568802;4,8060298;4,3162799;5,1147499;6,5999098;4,7650399;6,0979600;4,2203698;4,7874699;5,3314800;4,0329299;3,3768699;4,1588898;5,6978502;4,8995399;5,9975200;5,1103802;5,1226902;4,7240701;3,6903901;6,1071000;5,1657100;4,6427302;4,9624701;4,6750102;3,8892901;4,6577201;4,8893900;3,1721699;3,7128401;6,2045898;6,3796601;4,4594102;4,9861798;4,8507600;5,1622200;5,4014702;3,0255899;4,0102601;4,9541402;6,0374098;6,2520499;5,5170698;4,8296299;5,5558400;6,8016100;5,0237098;5,0210900;6,2380400;5,1660399;5,5711198;6,3940501;6,2675700;5,9416900;6,5877199;6,7114801
20356;61634809;449413,799999999988358;5687365,700000000186265;374,7999878;0,0000000;0,1865260;-0,9279740;-1,0296500;-1,1717000;-0,0495152;-1,2331001;1,0150501;1,5805200;0,1704940;1,7911299;0,4721130;0,0130196;-0,9473910;1,8470000;0,4524750;1,0116900;1,1914901;0,8951830;1,5884399;0,1839270;-0,7056410;-0,4534050;1,4491900;0,8662100;-1,2306700;1,4893900;0,3555840;1,4262900;-1,0378200;-0,2248480;1,8488100;2,7209001;2,4226401;2,3470800;-12,2047997;2,0458300;0,2864900;2,3612101;2,2035000;1,3135400;1,4212300;2,8905001;1,3331100;2,3815801;3,5185101;0,9969330;1,7071500;0,4874830;1,8148400;1,4568900;1,6234000;2,2794600;-0,5015170;0,3912870;2,2477100;0,9304800;1,4196301;-3,8132801;-3,3691800;-1,0693400;-0,4148730;1,3752500;0,6305070;-0,9856600;-0,3124230;-2,5391800;4,5278401;-0,7836430;1,6216300;0,1833040;3,1354699;1,3401200;-1,4943300;2,3780301;1,7874700;2,8395700;3,9072599;1,9211200;-0,0961852;3,9867799;1,7475899;1,4193799;2,9307699;2,6193399;3,0047100;0,8760760;1,8976901;1,3625700;3,7865100;3,9614301;2,7821000;5,5576100;3,7013800;2,8217399;3,6962600;2,1867099;5,6208601;4,5515599;4,2854500;1,4645100;4,3866501;1,4151300;4,9388700;0,0270491;3,5581999;1,5639200;3,6241100;3,6892400;0,5563410;3,5365701;3,1371000;3,0217800;2,1016400;0,6842060;2,9021201;0,8992510;4,0767999;-1,5183800;1,1032100;-3,1004901;3,4030001;6,9927702;-6,5626502;-8,6554098;5,5168800;1,5599999;-1,2840000;-7,6754799;-1,8516001;2,6130199;-0,9496830;3,9967101;-0,0411558;2,7893600;0,4039720;2,5571001;1,5583200;4,5504298;3,5057299;7,2133999;8,3484402;2,1956401;0,2923890;2,5314200;3,5832901;3,4671199;4,9160500;3,9867899;3,7851000;0,1062320;4,3176899;4,8966298;5,0726500;4,2057700;4,9342799;4,5563002;6,5119700;3,9077001;3,0228200;4,4947901;4,8041501;4,9640999;3,8985801;3,9196501;4,2185402;4,0662098;4,1479001;3,9563401;3,3794799;4,3446999;2,6912100;2,7799900;2,0625501;3,5628400;1,2107400;4,7681999;2,7641399;3,0056400;4,7965002;1,8703099;4,4396901;1,3820400;3,8462200;3,0395601;5,3101902;4,2429099;4,4565701;1,0762900;4,3453898;4,5641499;3,0266099;4,0249701;3,2877300;2,4543400;2,5105400;2,2476001;-0,4649040;1,6348400;3,5794101;1,3211700;1,6753100;2,0558400;2,3585100;2,4825699;4,3670402;2,0127201;3,0866301;1,4829600;3,8143301;6,2192502;3,7672300;3,8355501;3,0665600;5,8595700;2,2746799;6,1672902;5,3236699;6,0634999;4,0718298;3,8875999;4,5319600;4,3606701;5,3505998;3,9951000;4,6990600;1,7633899;3,4715900;4,1918402;2,0546300;3,5331199;3,5214500;2,6593201;2,7532101;1,2888600;3,4820900;1,0172300;2,0566599;2,6308200;3,9667301;2,4125199;3,7313399;0,2483140;0,0177560;-0,3343300;2,2456901;0,5082530;2,8077600;2,4433200;2,6134300;1,7189500;1,9151700;2,2586401;4,1561799;5,2113400;0,7650970;2,6053700;2,4952099;4,2242899;4,1773901;4,4371901;3,4879401;4,3467398;3,3254299;5,7730799;4,0941401;3,7666099;2,7939100;0,9867530;1,3252400;2,1604300;4,2194600;3,6243401;3,2586401;3,1934299;1,9999400;6,2426100;9,8832397;11,6932001;0,2400220;8,8315496;-5,5182900;-3,7831399;13,4791002;21,8083992;-4,9370599;-5,8740001;18,1573009;15,0857000;-4,2340498;19,2357998;18,2607994;17,0398006;17,6051006;17,5261993;16,9631996
20367;61634957;449405,000000000000000;5687409,500000000000000;375,1000061;0,0000000;-0,0582666;0,5528960;0,4966200;-0,3414670;0,3681200;0,1570540;-1,0472300;0,8892490;0,7458600;-0,0468738;0,9109790;2,4296601;0,9146380;0,9299920;0,7957430;1,2117800;0,3687160;0,9125300;0,6988260;0,8723740;1,2944800;0,1583470;1,0317000;0,0432217;-0,0476429;1,2954900;1,0551200;1,6354001;0,5060400;0,6918140;2,0541601;0,5430330;2,3178401;1,1540700;0,6999620;2,3310499;1,7213399;2,3101101;2,1199701;0,7654980;0,9288170;0,6204550;1,2093500;0,8000570;1,4607300;1,9477299;0,6846600;2,4367099;1,0976900;0,5954580;1,4024700;1,4613200;1,6985199;1,0374500;1,3800100;1,4475700;1,0930200;-3,5748000;-2,2844601;1,7165300;0,7319660;0,6412980;1,0815800;0,2231140;1,1278600;1,5906500;2,4506299;1,6256200;2,0136001;2,1912501;1,9350100;1,7231801;1,5055600;2,2890201;1,3177000;2,2984600;1,6009200;0,6860400;0,7542640;1,9003201;3,3581700;2,8805799;1,2783000;0,4303450;1,7225100;1,4720500;0,9601280;-0,2148520;3,1572599;2,1909201;3,0285201;4,1233602;2,3623199;2,2330401;2,8580401;0,5500020;3,4100699;2,4255700;2,7166700;2,9649301;2,2865901;3,0868399;1,9618900;1,7357000;1,5810601;1,5921299;2,2397799;2,0858700;1,9642600;1,3378000;1,8492100;4,6108999;0,5118550;3,6499901;2,6308401;3,6550400;1,6315300;2,5593600;2,9940801;3,3727601;4,2124300;1,6803000;2,5804701;1,2616600;1,7028400;1,5634600;4,2702098;1,9595300;2,4720199;2,4807501;1,9967800;2,4004600;1,1673501;2,6712699;2,1637199;1,8112900;3,6859901;2,1191900;2,3150499;0,7695260;3,1364701;2,7150800;2,1406200;3,0406101;3,5897999;3,4790101;2,1957099;3,0496299;3,1085701;1,0215100;3,5195301;2,9655900;3,1763201;3,1444299;4,3631701;2,3162200;3,8196599;1,6852100;3,2060499;3,0785699;3,1181700;3,2159700;3,1564801;4,4806299;3,0377400;2,6911099;3,0144899;2,2486300;3,8694501;2,2343900;2,5441599;2,6772201;2,9817100;2,3219700;2,7004499;1,8665299;3,2274401;2,6830800;2,5876701;2,7468700;2,4777100;3,1317999;3,5286901;3,6584899;3,6164000;3,3586500;3,8048201;4,3377399;4,5409298;4,2120199;2,8443201;4,6229601;2,7566500;3,5322001;3,4115601;3,6259699;2,2669899;3,2507000;4,5253901;2,5757301;3,4460700;3,8599999;3,6073799;3,2741001;3,8271699;2,5522399;4,4064798;3,3497701;6,8120399;5,0904398;3,7281799;2,8443601;4,0585299;5,0173602;2,8005700;4,7232199;3,0580399;3,7651899;3,3794999;2,8053899;2,8512800;3,4480901;5,2080402;3,0264399;3,7061501;2,6482699;3,7409201;3,7149501;3,1178501;3,6132200;3,9863701;4,3570800;4,4699502;4,0100999;4,2213898;2,7207699;4,0714998;3,6221299;3,9008901;3,9156001;5,9643502;3,4587801;3,6480999;3,2285399;4,5567999;4,1518202;2,3419001;3,9640300;4,8067098;4,2218599;3,5513401;3,7651801;4,1883302;3,9019201;3,9843500;4,1107998;4,2145801;3,6423299;3,9237700;4,9373298;3,9230199;3,7976999;2,5515900;5,2496800;2,9772699;3,2450199;6,8055201;4,2042198;7,1042700;6,6294498;7,7494502;5,9537702;6,8926401;6,9599199;6,6020598;4,4221802;6,0559101;0,9090860;3,7743101;2,0961699;7,4828300;8,6776104;9,9226599;10,8025999;11,2877998;9,3365803;8,7718601;9,7619495;11,1187000;9,6530504;10,0515003;9,3413200;10,6933002;10,9905005;12,0853004
20368;61634958;449416,799999999988358;5687412,400000000372529;359,1000061;0,0000000;-5,6828799;-2,9691899;-2,9798000;2,9857900;-1,2384400;1,9909300;-2,5354500;3,3901100;-2,8369300;-1,0142000;5,3969798;9,6634903;-0,8423940;-1,3163199;-12,8778000;5,5899200;-9,9905996;-10,7004004;-1,0547800;-3,6647501;-0,3718590;-2,5065200;-1,7509300;0,7517480;-1,5747600;-0,2892900;-0,7920270;-0,1243070;8,2788200;-1,4362600;1,4601200;-1,8951200;0,9253060;9,1858397;-0,0488956;2,6976900;2,0121400;1,2781000;3,1703701;4,8885698;9,5574398;8,5625601;14,6122999;3,1314001;-0,0128393;-0,4173390;5,9018102;6,0480900;8,0357800;3,3513501;7,7974701;1,8958400;-3,7075801;11,3156996;14,3008003;0,2734830;5,0591402;2,5691900;0,3721470;4,9159198;-2,2755899;-0,0600076;3,5333200;-4,3858600;-3,2842000;-0,0357833;-3,3832800;2,7361500;0,5547650;2,0928800;4,3146601;1,4037400;-2,3423400;2,5491700;-13,4378996;2,0672700;0,2499420;-0,7945930;1,2555500;1,3948600;4,2548699;-1,7847600;0,7253140;1,4157000;1,3326200;-1,9293700;-3,1167901;-6,6485801;-0,9078500;2,5088799;0,3039060;8,9705400;1,7948900;-0,4448090;11,1829996;5,0821199;-1,3689600;3,0344000;6,0268002;6,9507098;1,5785201;0,4136840;1,7918500;0,8377060;-0,1776060;-0,8992260;0,8585950;-1,5575900;7,5187702;8,5964699;3,7155600;0,0155110;1,7963901;3,0910001;-4,6513600;3,7295401;0,4045110;2,7076099;0,2817160;-0,5863420;2,7384501;-0,2562040;-1,5141701;0,4127540;2,9502201;-5,5605602;2,7590401;3,6163900;3,5360601;8,4947500;-0,0226612;7,6810098;-0,7459590;3,7479401;-3,3216200;3,4993801;7,5330100;4,8466601;2,4429901;-2,6505799;3,3926499;-0,6697140;-0,0470121;6,3827500;3,1245401;1,8168300;6,4012699;-0,5514340;7,3348198;-5,6043401;3,2273600;0,3988630;3,1262901;-1,0843800;2,9233899;7,6903601;3,5336900;7,1461802;3,6022401;4,2043500;3,8421400;8,5221300;7,7815099;4,0645700;12,3289003;2,4914100;5,6769900;4,5990601;-0,1849830;10,3063002;-3,5123100;2,6704099;7,8585501;2,4677300;5,0655098;11,0164003;13,3535995;2,5983400;-8,7673998;3,7678599;2,3383901;4,0440202;3,7305701;5,1667099;7,4833102;2,6030400;4,1969600;1,2050300;7,4841099;3,7867899;-0,7979850;4,7564402;4,1809001;1,7352000;0,8577060;5,6338902;0,8310770;2,2286999;4,1230302;3,3891301;4,6271501;3,6829000;5,7860298;6,9816198;2,1831501;1,1260400;-0,4811860;1,7177500;8,1603498;4,3181601;1,9125299;-4,1050701;2,2786000;3,1376300;1,5522400;3,5380001;3,8712399;6,1800098;14,2396002;8,2379904;4,2874198;2,9511600;5,8708200;3,4963000;4,4976802;7,2818198;3,6012299;3,7386000;3,5264299;4,0745101;7,1374102;1,8265700;4,6034298;3,3209600;6,4494801;7,3991299;4,2849498;7,7028699;2,9863501;4,6151600;6,0403600;3,0078700;5,4333301;6,2350202;4,1462998;1,8992200;1,8423800;4,1373200;7,1821699;4,1099300;3,3705800;4,2170601;1,6717900;1,1967300;5,5322299;2,0458901;3,2435801;2,9089200;1,8951401;7,2135301;0,6705670;1,1820101;3,0809901;4,3336301;5,8865099;4,6442299;3,6548700;6,2434902;8,2425499;5,8332200;1,1222000;6,2311802;5,8816500;5,4226499;18,2364998;4,2502398;19,7882004;16,4925003;-5,7414899;12,0384998;15,5757999;-4,2584100;12,0223999;13,3874998;15,3242998;20,4810009;20,8320999;15,0799999;13,7083998;14,9301004;21,3978004;12,8612003;15,7869997;14,9701004;16,2731991
20396;61635093;449387,799999999988358;5687441,000000000000000;391,2000122;0,0000000;-2,3077199;11,5799999;-9,3948603;-3,6582000;-3,9552500;-2,4400899;-5,8151698;-0,1056530;-3,1225801;-3,8341300;-5,3644500;-3,3716099;-3,2993000;-4,0134602;-2,1586101;-0,0022595;-0,6311440;1,2271800;-1,2739400;-3,0893400;-3,2286000;0,3329860;-1,6176300;2,1465700;-2,7191601;-1,9592600;5,6761999;-1,1660399;-2,1963401;6,8316998;1,7014199;-8,2170897;-5,1713500;-1,4619300;-3,3140700;1,3099200;-0,0968204;-7,5308599;-0,0639586;1,5590600;-1,8340400;0,5785520;-3,3697801;-4,7055802;-2,8260500;-0,5268890;0,9537890;-3,0904300;-0,3336380;-3,5617599;-4,8703699;-5,0805702;-6,4589100;-2,1005001;-3,3120401;-5,8828702;-3,5261500;12,2609997;3,4258900;-2,1684799;-0,2265720;-0,2058290;-4,1137700;1,5702699;-0,8974880;-2,3159001;-2,3943999;3,7665300;-2,5196800;3,3198199;-1,9586200;0,2740400;-1,3875500;4,0631299;0,9932010;-1,3391800;-0,9445190;-3,6460500;-4,5865302;-3,7367499;-2,8113599;-3,9674599;2,5709701;-2,3527300;0,6947630;-3,0712399;2,5556500;-4,3143301;0,0211556;-1,4646200;0,6861480;0,6958540;-2,5043399;0,9732920;-0,6454100;-0,9910500;7,4651599;-2,3606100;2,7958000;1,3401300;-2,7780199;-2,0069699;3,5843201;-1,4149200;7,1559701;0,6801230;0,2832410;5,1843100;-2,1478000;-1,6758800;-0,9821370;-0,7097770;-8,6800900;1,3401200;-1,8740300;1,6753800;-2,3694401;-1,5972800;-0,0600243;1,5527200;1,0384700;-2,2916000;4,0644898;1,6328400;-2,4709201;3,0288100;0,4251780;2,6256499;4,7819901;0,0271323;-0,5976690;1,5438800;0,2854800;0,2758270;0,2869610;-0,5880270;1,7890600;1,2859000;-4,8591900;-3,1532099;-1,6044400;-0,4012650;5,9169202;4,9958801;5,3272600;3,8014300;-0,0528708;-1,0165401;0,4100120;-3,2802601;-2,2187500;-3,4920101;-3,9712999;4,9818201;-5,8310599;1,8817300;2,4764400;-7,5205202;0,1637450;2,9622700;-2,2455900;-0,3395350;-1,5365200;1,6606500;-2,1828899;-1,8635100;2,1080201;-4,9351902;0,0570018;8,3074198;-1,6503400;4,6722898;-4,3575702;-5,5245700;0,3074970;9,5844603;5,7024798;3,1949799;-1,6716800;2,9870701;-1,1863600;2,7843599;2,5145700;3,9380100;-0,0730407;-7,3968201;10,3893003;3,0614600;-0,6961410;1,3469000;4,8763199;2,4039700;-9,0892401;3,3845699;2,5646901;0,3795160;1,5085700;0,8186190;7,2115402;-1,3334200;-0,6147670;-0,5306430;3,0670800;-1,4217900;7,2272201;-2,0592599;13,1046000;12,7643003;-1,5793900;1,4242500;-0,4198690;3,1952600;-2,0154099;9,3628702;-0,1625560;2,4640200;0,9380770;1,1132801;-12,9651003;1,5641800;1,0105500;-0,9579880;4,6508398;1,3143800;5,8999400;6,4159198;4,5609698;2,1308701;4,2100501;3,2914500;1,1918900;8,9617796;2,0253799;1,9956599;2,1134901;-1,0475301;2,0846801;0,8428510;2,8377900;2,5622699;6,2729201;-1,2559700;1,8115000;1,4294300;1,1480800;1,6177000;2,3605399;4,8333402;-1,5560499;-7,0559802;-1,6276799;5,2021499;4,8764801;7,7648001;0,8008270;-2,7191601;-3,5836999;3,2528200;-0,5908160;2,6541700;-0,4951760;2,9100399;1,1678600;-1,9836900;4,4290800;-0,8553280;0,3726350;-4,2254200;0,7496210;0,1068190;1,5620800;2,8769801;9,8502703;3,6084499;0,1714110;-4,3834400;8,1633596;9,2478199;6,5717101;-4,2200999;-0,5377140;-0,1999480;-8,7444000;-3,2808199;-11,6265001;-3,7998700;-1,4566500;-0,2052970;1,2742500;-7,5400801;-5,1242299;-2,9925900;-3,5961299;2,2844501;3,5590799
20397;61635094;449397,500000000000000;5687444,400000000372529;374,2000122;0,0000000;0,3734990;1,1234500;-1,4289900;-0,7399230;0,7505420;1,4285500;0,1653420;1,5487900;1,7325000;1,3859800;0,8880520;2,5311201;2,0630801;2,7333400;1,9021600;1,9546100;1,8046300;3,7395799;2,5403800;1,9748100;2,9178801;2,7333901;2,8113501;1,4258200;0,8077290;1,5733800;1,6626800;2,3714600;0,4556120;1,4958100;1,8961000;1,4649800;1,7055600;1,7284900;0,2863190;1,1963800;1,6334500;1,6490099;1,9366300;1,7289400;2,0255699;2,1166301;2,9349799;2,3392999;2,5896699;2,9711201;2,5882800;3,3621199;2,8558500;2,8427401;2,3916299;3,4735501;2,4370899;3,0987201;2,6827600;2,6343701;2,8519900;-7,5145502;-5,1301498;3,1125400;2,2148299;2,3817999;2,5321600;1,6088800;2,9143400;2,1578400;2,1219399;1,8742100;1,4608300;1,3295200;2,7136400;1,8689400;1,1713800;2,3221400;1,3169399;0,9126690;2,0318899;1,5454000;-0,6781490;0,7926800;1,7632500;2,2348700;2,5683300;0,5193090;1,3148800;1,5718200;1,0646300;-0,4707880;2,3006799;2,1525900;3,2609000;4,9626498;2,2243500;1,7970800;2,3891799;1,7539600;2,5753000;1,8297800;2,8954899;2,7951701;1,6368001;3,0744901;3,2384100;0,0583167;1,8824100;2,1500199;2,0140600;3,6559899;3,4033699;1,2654600;2,9480100;5,1377802;2,1118600;2,7373500;3,2388201;3,5986199;2,3090899;3,2576699;2,7183599;2,6782501;3,9774499;3,1072099;4,1156301;2,4035201;2,9086599;3,3904901;3,8246901;3,5983400;3,9225700;2,7520001;2,5969601;2,7660999;2,1648300;2,1795700;4,3534899;3,0930600;2,6588399;3,4873700;2,0012701;2,0850699;4,0400300;1,4223400;3,9855199;2,6774099;2,7525899;3,6854899;0,4437580;2,6360600;3,4861500;0,3692360;2,9237499;2,7661099;3,5142200;2,8498399;3,8823700;3,5075700;4,4853802;2,8223901;3,0598400;4,9842801;4,2953601;3,9179599;4,1354899;4,0845499;4,7348399;4,5500898;4,1869998;4,0059400;4,2541900;4,3240099;4,2720499;4,7243600;4,9844499;3,3466899;3,7733700;4,2415900;5,0159402;4,8645301;3,8873501;4,3823199;4,5584002;3,9253800;3,5957899;3,6359601;2,9542301;4,6409602;5,9331498;5,8213401;3,5341899;4,2406201;3,4274800;3,8411200;3,7398901;3,5579300;3,4285800;4,1395001;3,2830701;1,8815900;4,9122000;3,3424699;2,7554100;3,5030899;2,6064899;3,0576999;4,7385101;3,8315899;3,1913400;1,8374799;5,8851600;5,5354199;3,8229001;4,3397498;5,8035998;6,5074701;2,6132300;5,0848899;4,8201499;5,6361299;4,4050102;5,4580598;4,6555600;4,9294200;6,8340902;4,4552798;6,0380602;4,9590602;4,8997502;5,1987901;4,1890898;6,6454601;5,6325698;6,1994700;6,4558101;5,2384901;4,9998002;5,9413700;6,1944299;3,7933900;5,9836798;5,6818399;5,3673501;4,4531598;5,2667398;5,5706100;4,4263802;4,7176099;3,1556101;4,4563999;3,9059000;3,0834401;2,9567599;4,0679202;3,6320400;3,9781301;5,9751601;4,4779100;3,3886299;4,3513398;3,9354701;4,4557900;4,8759499;3,5901599;3,3985500;6,1551700;4,7532201;3,6164300;4,2805500;4,1138301;4,1477699;4,9970999;5,5809598;4,1692300;3,1056099;3,8346200;7,4593701;2,5336499;10,7585001;6,0953398;14,9160004;13,6219997;9,3891296;11,3677998;6,7855802;4,0463200;6,2186098;4,9798002;7,6190801;4,0200801;4,6944799;5,3010101;3,9647100;3,9247000;4,2447600;3,4711499;4,3078599
20398;61635095;449408,299999999988358;5687443,900000000372529;366,7000122;0,0000000;4,6923499;0,7984190;4,8635101;2,1012399;4,8307199;13,6009998;5,2693701;7,8640599;3,6255600;-3,3288500;1,3247300;6,3825698;0,4921620;2,6980400;12,8999996;16,6956005;6,6879401;9,5804501;1,9882200;-2,8909900;11,7426996;8,5382700;-1,9231200;8,3045397;5,5989099;7,9768000;10,0361004;5,2346201;6,1697402;7,7574701;6,2026701;7,9352899;5,7452402;8,9368401;5,1385298;9,6533003;10,1749001;0,5423130;12,4832001;7,0767202;8,8451500;1,1315000;13,1021996;10,0916004;6,0379701;3,6257701;4,9950399;7,2280598;4,1162300;-0,1320030;6,8481898;9,9720802;1,2999001;10,4008999;20,8873997;3,2559800;1,3639300;14,6276999;7,1599898;13,7075996;3,1814499;7,5533500;12,5509005;11,5601997;10,1763000;13,3237000;16,9673004;11,3761997;-0,6446850;-2,0186300;15,8863001;13,4757996;7,1529999;11,4673004;8,3804598;12,1290998;10,7301998;13,5031004;9,2539902;2,6338201;6,9316401;9,8834801;10,3175001;2,4029300;4,7809200;7,6519198;3,4674201;-2,4872999;7,8384199;8,5828600;7,3965502;14,7117996;12,5938997;7,9692898;8,3332100;9,5749998;4,6109500;9,1873102;8,8374596;10,8254004;10,5656004;9,1139202;11,1893997;9,5790396;8,4467001;10,5070000;6,5147099;11,5305004;12,6171999;8,4430599;10,6061001;13,2876997;9,3633099;9,1479998;9,1120100;9,5088902;8,9797096;10,0080996;9,7545099;10,6906004;11,9890003;10,3976002;8,2308397;9,1299496;7,1279898;7,6272302;9,8643703;11,4429998;8,8746901;14,0028000;11,1435003;17,3260994;12,3898001;10,4212999;12,1691999;10,2606001;11,4928999;11,2275000;9,4146004;8,4673405;12,0099001;9,2691698;13,0951996;10,2334003;10,8287001;6,0567999;8,7194595;9,7587996;9,9901505;4,7588100;8,3925505;2,5201099;10,2461996;7,3755798;11,5801001;10,7707996;4,4114699;8,9021702;5,7589202;8,9498100;10,3479004;9,9197798;10,8007002;7,0776100;11,9117002;11,3312998;12,2327995;14,9808998;9,0739098;9,9142103;10,5840998;10,6111002;12,7974005;9,9126196;7,3839598;10,9414997;10,6126003;10,4146004;11,5452995;9,7157001;8,9681902;10,8522997;9,9571400;10,1482000;5,9192400;13,7868004;11,4761000;10,8947001;8,6613903;9,9127903;9,1932602;9,8854198;10,1435003;8,6271896;10,7660999;12,3163996;7,9894199;11,9278002;10,8289003;7,0994902;11,4007998;11,1191998;19,5960999;14,8922005;9,4611197;9,1718702;10,6620998;7,0431900;13,2748003;13,0451002;10,1959000;13,0816002;14,5857000;13,6166000;6,1688399;12,0317001;8,6954298;12,9582996;10,9392004;11,6190996;9,6948996;9,8361998;10,0510998;10,0981998;12,7711000;12,0087004;12,0525999;11,5419998;10,8527002;10,4851999;12,5565996;14,2999001;12,7610998;8,4057999;13,3225002;12,5401001;13,0422001;12,2201004;13,4186001;11,8052998;13,0176001;12,0482998;6,9243698;13,7152004;9,7337303;10,9050999;10,9535999;8,3709202;7,2474499;0,8033830;6,0002398;13,7662001;8,6556396;12,5035000;10,4827995;12,1696997;-0,4884640;10,0120001;9,5311098;10,5374002;6,2226501;14,0592003;6,5279398;13,4504995;12,1339998;11,5816002;9,7221804;12,7103004;14,2735996;11,1231003;11,8050003;11,8331003;23,8034000;14,7756004;22,4995995;13,3607998;11,3469000;13,8999004;2,5607800;19,8362999;12,5878000;12,8113003;13,6534004;8,9829102;9,1411600;8,3475304;8,6553497;12,1400995;11,1761999;5,0808702;10,9821997;10,5855999;9,8372202;14,2348003;12,8978004