OBJECTID;PS_ID;X;Y;Z;date_20150411;date_20150423;date_20150505;date_20150517;date_20150529;date_20150610;date_20150622;date_20150704;date_20150716;date_20150728;date_20150809;date_20150821;date_20150902;date_20150914;date_20150926;date_20151008;date_20151020;date_20151101;date_20151125;date_20151207;date_20151219;date_20160112;date_20160124;date_20160205;date_20160217;date_20160229;date_20160312;date_20160324;date_20160405;date_20160417;date_20160429;date_20160511;date_20160523;date_20160604;date_20160628;date_20160722;date_20160815;date_20160908;date_20160920;date_20160926;date_20161002;date_20161008;date_20161014;date_20161020;date_20161026;date_20161101;date_20161107;date_20161113;date_20161119;date_20161125;date_20161201;date_20161207;date_20161213;date_20161219;date_20161225;date_20161231;date_20170106;date_20170112;date_20170118;date_20170124;date_20170130;date_20170205;date_20170211;date_20170217;date_20170223;date_20170301;date_20170307;date_20170313;date_20170319;date_20170325;date_20170331;date_20170406;date_20170412;date_20170418;date_20170424;date_20170430;date_20170506;date_20170512;date_20170518;date_20170524;date_20170530;date_20170605;date_20170611;date_20170617;date_20170623;date_20170629;date_20170705;date_20170711;date_20170717;date_20170723;date_20170729;date_20170804;date_20170810;date_20170816;date_20170822;date_20170828;date_20170903;date_20170909;date_20170915;date_20170921;date_20170927;date_20171003;date_20171009;date_20171015;date_20171021;date_20171027;date_20171102;date_20171108;date_20171114;date_20171120;date_20171126;date_20171202;date_20171208;date_20171214;date_20171220;date_20171226;date_20180101;date_20180107;date_20180113;date_20180119;date_20180125;date_20180131;date_20180206;date_20180212;date_20180218;date_20180224;date_20180302;date_20180308;date_20180314;date_20180320;date_20180326;date_20180401;date_20180407;date_20180413;date_20180419;date_20180425;date_20180501;date_20180507;date_20180513;date_20180519;date_20180525;date_20180531;date_20180606;date_20180612;date_20180618;date_20180624;date_20180630;date_20180706;date_20180712;date_20180718;date_20180724;date_20180730;date_20180805;date_20180811;date_20180817;date_20180823;date_20180829;date_20180904;date_20180910;date_20180916;date_20180922;date_20180928;date_20181004;date_20181010;date_20181016;date_20181022;date_20181028;date_20181103;date_20181109;date_20181115;date_20181121;date_20181127;date_20181203;date_20181209;date_20181215;date_20181227;date_20190102;date_20190108;date_20190114;date_20190120;date_20190126;date_20190201;date_20190207;date_20190213;date_20190219;date_20190225;date_20190303;date_20190309;date_20190315;date_20190321;date_20190327;date_20190402;date_20190408;date_20190414;date_20190420;date_20190426;date_20190502;date_20190508;date_20190514;date_20190520;date_20190526;date_20190601;date_20190607;date_20190613;date_20190619;date_20190625;date_20190701;date_20190707;date_20190713;date_20190719;date_20190725;date_20190731;date_20190806;date_20190812;date_20190818;date_20190824;date_20190830;date_20190905;date_20190911;date_20190917;date_20190929;date_20191005;date_20191011;date_20191017;date_20191023;date_20191029;date_20191104;date_20191110;date_20191116;date_20191122;date_20191128;date_20191204;date_20191210;date_20191216;date_20191222;date_20191228;date_20200103;date_20200109;date_20200115;date_20200121;date_20200127;date_20200208;date_20200214;date_20200220;date_20200226;date_20200303;date_20200309;date_20200315;date_20200321;date_20200327;date_20200402;date_20200408;date_20200414;date_20200420;date_20200426;date_20200502;date_20200508;date_20200514;date_20200520;date_20200526;date_20200601;date_20200607;date_20200613;date_20200619;date_20200625;date_20200701;date_20200707;date_20200713;date_20200719;date_20200725;date_20200731;date_20200806;date_20200812;date_20200818;date_20200824;date_20200830;date_20200905;date_20200911;date_20200917;date_20200923;date_20200929;date_20201005;date_20201011;date_20201017;date_20201023;date_20201029;date_20201104;date_20201110;date_20201116;date_20201122;date_20201128;date_20201204;date_20201210;date_20201216;date_20201222;date_20201228
3769;60401961;449413,299999999988358;5687148,000000000000000;373,6000061;0,0000000;-0,2005260;-3,0261199;2,7021799;2,0149601;0,9379780;0,4196030;-1,1164000;1,0607001;-0,1972250;0,2547300;0,1003650;-0,9334220;-0,0890090;-0,4958010;2,2098300;1,9645300;1,5098300;2,4000599;1,4635900;2,5258701;2,2009799;3,8713901;2,0470200;2,2414899;1,2700599;0,6964890;1,1291600;-2,5110099;1,6356601;3,2698200;4,4646502;3,3855200;0,7416350;0,3245400;2,8377700;1,1607100;-6,5178399;-0,3408920;-0,7926380;2,7331100;1,9073700;1,6879200;2,8456199;3,4835501;-0,1605220;1,9340100;2,6221700;4,5843301;3,9356999;4,6626701;3,8439100;4,7279902;3,5776999;4,3723001;5,6629400;2,7590799;3,6857800;-2,7352300;-1,0187401;-0,0893235;3,3441801;2,7516301;4,4547300;2,4912000;3,6225300;2,2409999;3,3000100;2,5792201;2,3329899;1,5783600;0,3557450;3,6566300;1,7437299;3,7678900;2,5748601;1,6788400;2,4275601;0,7089900;-2,4059100;0,7199620;1,1393200;1,8687299;2,6193299;1,9788400;-0,3979280;0,4117470;2,7724800;2,4233000;1,4774801;1,7290300;1,6666900;0,6006450;1,5015000;-0,9617250;1,4426200;1,8458101;-0,6939460;1,7254400;1,1804900;3,3371501;5,3478999;1,3448800;4,9145999;-0,1622600;0,9818910;3,0759399;3,9119899;3,4182000;2,8070199;4,5007601;0,2379410;-0,6567680;3,5425100;3,5519700;2,1755700;3,6625400;4,1444402;1,2329000;2,4009700;3,2191999;4,6228900;2,6854000;2,9010701;2,2506599;4,4783902;-0,4998730;1,1928101;1,8614900;1,5964200;-2,5553601;-1,3890200;2,9350400;-0,2028730;3,9369600;6,1979399;2,6160400;1,1284400;3,8246801;4,2663202;2,5433700;6,6504998;3,1022799;2,3132300;0,6668610;1,0992600;0,9385180;4,5779200;0,7113450;0,8614230;-6,8282599;1,4111300;4,0580502;-0,7970670;1,3973300;3,1716101;3,1195500;3,2024801;1,2063299;1,8531400;2,2020700;3,5043499;1,6740900;-1,1181200;2,5171199;1,6590600;2,3829401;0,8848150;-0,5914770;-0,4130620;1,8979599;2,2374401;-1,5798301;3,0077100;3,3508000;-0,0089848;1,0594100;5,1977501;4,7228899;3,1473000;-1,3033299;1,8315001;-2,4227099;1,4478400;1,9854600;0,6267980;0,8377930;4,0927601;1,4033999;0,0130696;-0,0793474;2,1524701;3,2959001;0,6460700;-1,0828800;1,2572100;-1,3968800;2,6567600;3,0762200;4,4850602;-1,0344900;-0,5617480;-3,5509400;0,6577370;-3,7448499;-1,8206000;9,0229797;-1,7044700;2,7739100;-0,2618580;0,3519850;4,4092798;-0,2194360;2,6169600;1,7962900;1,9476700;3,5452499;3,9385200;-2,6320200;0,2587900;1,5499200;1,9123501;1,4815400;1,5673200;1,1579400;2,6773100;2,7190199;0,7654490;1,9301200;3,1111901;3,2560599;5,2143798;-1,3293500;7,1558499;2,6385701;3,7153001;3,3956201;0,5328750;2,1888700;1,7427400;1,9904300;3,8533800;3,9158299;3,3776000;6,4313502;2,5047801;1,0337000;2,8729801;2,4360600;-1,5480400;-0,0042186;1,0240300;1,6568000;-2,7990301;2,4468801;-1,1418200;-1,2151500;1,4164400;-4,8097100;-0,4700460;-4,9522400;-0,5443760;-1,9964000;-14,4870005;-1,0720800;7,2709498;3,3608899;-1,0789000;0,3255450;0,7619330;-1,1260600;-1,7777700;-0,9897400;-3,1206100;-2,8719101;1,3666500;-0,6667590;-4,9963799;1,1651300;-2,5875101;3,6020999;-4,5200000;8,8915396;1,7285600;3,5076699;2,8136301;4,9091501;-2,8457799;5,6067100;4,8320298;5,0862098;4,5670800;1,6149499;2,1280701;1,0511700;4,7469101
3770;60401962;449414,000000000000000;5687154,599999999627471;368,5000000;0,0000000;1,9366900;-6,5587101;-12,8923998;0,4931550;-1,4146100;7,2430501;-0,0746138;-1,0314300;1,2792400;-0,5838430;0,3195390;-0,8395110;4,4868898;5,0077100;1,8384800;1,8288701;2,8888400;0,3169420;2,7508800;4,3341098;2,8493700;1,2952700;1,6654900;6,1767502;0,9428680;1,7939800;2,6822400;0,7954700;5,3391199;4,8910799;3,3931501;8,0810299;2,3870399;0,8849420;6,1590600;4,1774802;3,4828000;2,5908301;2,3204601;4,0715399;2,2303500;2,5795200;3,3962700;4,5231299;1,4145300;3,4699299;3,4098001;6,3875399;3,6609499;4,6421499;2,2674401;5,0234098;3,9606299;6,8377500;3,1157899;2,4874401;2,9094200;0,9089490;3,1142900;-3,1214900;2,7342200;5,2278399;1,2839500;3,4326899;5,0616899;4,3645701;4,0372801;2,8694601;3,1473701;1,5387800;3,2301199;1,7739100;3,8257899;2,7572501;4,2778301;2,4328101;3,1843901;-0,3817170;-1,5122900;-4,2721701;1,7635800;4,2787800;2,2775900;4,2681298;2,6954801;2,0294700;1,8802600;3,2557499;-1,0163701;1,2204800;4,3269000;3,7766700;3,7543199;0,4735230;-0,1097530;-0,2288630;4,8795600;4,3060298;4,5283699;1,4528800;4,6833200;2,8856399;5,8499999;2,2968299;4,9447899;5,1100998;5,6765199;5,4630699;3,0116100;7,8985200;4,7796001;3,2740099;6,7782798;7,3263502;4,5820899;4,4183798;5,0075498;5,2703600;3,4924200;2,6264999;5,1677599;2,6150200;0,1295420;3,1454799;4,9373798;3,9740901;5,3552399;4,3434901;0,2967110;2,9600501;4,2818999;4,7654300;6,0848398;5,6475701;3,1619301;3,7056799;4,5991902;-2,3675001;5,2395101;5,3842602;6,1490302;4,0161700;1,2932500;3,6041300;4,4018698;3,4701200;3,5112700;7,1222901;4,2196798;-1,5858400;2,6747401;3,2993200;6,0896702;6,0328598;6,0415401;4,0153599;2,9283700;6,7905698;3,4702599;8,9289999;5,9021001;4,8047400;1,9703600;4,8465199;7,0054402;6,9294100;7,8652401;7,1860700;5,0443301;6,6278701;8,2693701;6,3646302;6,1961398;4,1557398;7,9109998;5,6711202;7,8149300;9,6875296;3,8649299;3,9669299;1,6574500;5,0149202;4,9878001;5,3736901;3,7817500;4,6858902;-2,5252600;7,4711900;4,2612600;3,0111001;6,5964899;6,3469701;3,0862000;0,9157390;5,3168502;5,7409801;5,3871198;6,9167199;6,3357801;9,5111303;4,6381898;1,9856600;8,5377798;-0,7120960;8,7584105;3,1139700;-1,3387600;6,6020498;7,3918900;3,6790700;5,7284298;6,4572301;5,3637600;0,5113270;1,7032800;3,4116199;5,5068302;4,4664602;4,1332102;7,0427399;4,3790798;5,4274402;6,1631098;4,8610001;6,4001002;4,4433699;6,1545300;6,1609802;4,3874798;4,7601800;4,0329299;4,6639500;5,9612699;1,3004900;5,0037999;3,5048299;6,1429400;5,7764802;5,6805601;4,2567902;5,6857300;8,5160103;7,2415600;5,7633100;7,5549998;8,8377705;9,3453102;7,8480501;7,0987601;8,3155499;5,8244901;4,6474800;7,7765098;10,2433004;6,3216901;3,6564300;6,4857602;5,4317799;0,4755290;3,0228701;3,3747001;5,7664599;6,9173799;4,7723999;7,5099101;6,5428801;3,5424500;4,6426401;5,8288999;4,2555399;4,8470802;7,6193600;3,5909300;6,7272000;7,3786602;8,7845201;4,4762802;6,1028099;5,2202101;5,1380601;6,2246199;5,0417299;1,5485500;2,5545101;6,4243002;4,7927999;2,9491601;5,1493502;3,8966300;7,3093100;7,1808801;6,3452601;7,1973500;7,7042198;5,9839301
3773;60402172;449456,799999999988358;5687187,799999999813735;372,7000122;0,0000000;-0,6559790;-3,7736101;3,1542101;-1,0213400;-1,0122300;-4,4868898;-1,8646200;0,1982690;2,4452300;3,0339799;2,0007200;1,3917300;1,9535600;1,5652300;-2,8987999;2,0717800;2,2519600;-1,5365700;1,9284000;5,5023298;1,0727900;-1,2929900;-0,4169300;3,7625599;1,4890701;1,6773800;-1,2905200;-5,2711501;5,5334201;0,6685530;0,2106050;0,3272920;11,8497000;10,1421003;-12,2552004;0,6651290;0,9639520;-4,0053701;-0,3957690;1,7493900;1,9750201;2,6051400;4,4031000;6,6905999;5,9669199;1,6123600;4,1262298;1,9571500;4,0292301;2,8517001;5,8199201;2,5520999;3,9935801;2,4488699;5,6108398;6,9596200;4,2890100;5,8218398;6,8050799;8,8541498;3,6191399;4,7124600;-0,0781302;-0,0172091;0,4137740;1,0122000;6,7175102;3,7358201;4,3985801;2,7636900;3,3405499;3,3119500;-1,6250700;5,6733098;4,4650602;7,3057299;7,0465298;-0,3131550;-1,0528200;-0,5724250;5,3732100;-0,1297630;-0,0884652;1,0156500;0,2021990;3,3931999;6,8861299;-2,0502100;-1,1879900;1,5900800;-0,1517630;-2,5578899;2,9880099;-1,5382800;2,9392900;0,2040550;3,0963700;1,8486600;0,4436400;2,0347300;2,9528301;0,9058960;3,9456699;-1,8562900;0,7313430;-1,9033200;-0,0660062;2,1757901;-0,7796650;-1,6461500;-3,2433600;6,2303801;-0,5244670;-0,7643790;-3,2454600;-1,3398300;4,2832499;2,8574700;1,9572200;0,7299020;2,8482399;3,0994201;6,0102201;4,3860798;4,6335201;3,8664300;6,8439398;4,5792799;3,1333201;3,7208300;2,5606899;1,9714299;4,9066801;16,7632008;3,8688900;-7,9892201;2,8891001;4,1871400;2,2997200;2,3302100;4,0249500;3,0703499;1,8028200;2,6586101;1,0487200;2,3949399;3,2821200;1,7322600;3,3990800;-1,7456200;3,0969501;3,8635700;3,6377599;3,2202899;4,9600101;2,9366100;4,2002902;3,1883500;3,6161799;3,1349001;3,0468500;2,9280400;1,4520700;2,7595999;3,2505500;4,8653698;5,4297199;5,1087999;3,1712699;4,1170602;5,5233002;4,3520198;2,2538800;3,8035200;3,6993699;3,2722900;2,6541600;3,6719699;3,7963901;0,0849519;0,5660050;1,3978000;2,0636899;3,1635900;3,7255900;1,9276800;1,8382900;-0,2496730;2,5527301;0,5968370;3,2933500;3,3398900;2,3786800;1,4050000;3,3318400;4,2751799;2,6617701;7,4316301;4,7863002;-0,9800540;5,9554000;1,8680300;14,9061003;4,6020498;5,6795101;3,3541000;4,5879798;0,9399100;2,0965199;2,8168700;2,6525300;3,5310299;2,5752699;3,6406100;5,3444600;4,1811900;4,4201102;0,5508980;5,3047199;4,3374200;3,8231599;5,2387900;5,3562498;6,0937200;5,1868000;4,6929698;5,0635099;5,9803500;5,7189202;2,6666901;-0,0972881;2,7816401;3,4621601;1,9876699;3,8461201;2,6337800;2,2304499;2,2528801;3,8365300;3,0086100;4,4713302;2,5529001;1,1530200;1,8541700;2,3883400;1,1946900;0,7424390;-2,4613800;1,2888300;5,3296599;4,0584502;1,8468500;5,6535201;3,3858399;1,2302200;18,4937992;5,0859699;3,3218200;1,3335600;2,9907899;1,9823999;4,1261802;9,0542097;11,6611996;0,2217410;9,5611696;11,5115995;19,4097004;15,8788004;13,8367996;11,0197001;18,8873997;19,4713993;10,3275995;12,4589005;15,8037004;8,9289398;14,2060003;15,7010002;1,6320900;17,6375008;17,2134991;11,5288000;14,5713997;19,4524002;18,3346996;20,3785992;10,7334995;8,0669804;16,6501007;15,3631001;15,7313004;17,6550007;16,8488998;15,5930004
3799;60402652;449431,500000000000000;5687268,700000000186265;371,1000061;0,0000000;-1,1118799;-1,9187900;-0,6325070;-0,7307120;-0,4302040;0,9754000;-1,0600300;1,9672500;0,0467820;-0,2966110;-0,2479840;0,3871040;3,7581000;1,1724000;2,7460599;2,1406300;1,1964400;3,3778901;2,4469099;3,3463700;2,5659699;1,1050100;2,1232300;2,2452500;1,2269500;1,7903800;2,6774001;0,9133900;0,6867600;1,3011301;0,9729220;1,4858299;1,3427100;1,1742500;0,7870280;0,5362290;1,3028899;1,3859600;1,0198801;2,3495300;0,7811010;1,6380100;3,3404400;3,8124199;2,1049099;3,0114300;3,6184700;2,5457499;2,1745601;3,9010999;2,9532900;3,9841299;3,3465300;3,8597500;3,7760301;2,9579301;3,1412301;-10,4695997;-5,8211899;2,7432899;1,7151500;2,8626599;2,3167000;2,1063700;2,6913500;2,0434899;1,3310200;1,7192400;0,1761970;0,4467500;1,2343100;1,7923400;1,7334000;0,5178000;-0,2710510;1,4135000;1,4650199;2,1606700;-0,7825370;0,0718551;-1,5560200;1,4505301;1,6359100;2,4802401;0,7300620;0,5809740;0,6573380;1,1157000;2,0119400;0,2936910;2,0592101;3,5262301;1,7259901;1,4635600;2,1993101;3,0060301;2,5450799;3,0329499;2,6487899;1,6534200;2,9559000;2,6488900;1,7420900;-0,6750110;3,0462601;2,2000301;2,5281301;3,2753401;3,9315901;3,1649301;3,4631600;5,0593100;4,1756701;4,5378799;4,3054399;4,2287202;3,6833301;3,8289299;3,0982399;2,8648400;5,3821001;2,3999100;5,5496898;1,5951101;1,4638700;-0,3612640;3,5843000;3,3945501;3,1519201;1,2516201;1,6665000;0,2978880;2,0645101;0,0387216;2,5032799;-0,9823810;1,2608300;3,6542699;-0,2851560;2,1245601;4,0341401;3,2560501;2,8640101;2,7258899;1,7743700;3,2605901;2,5664699;3,0054801;2,1621499;-2,7855201;2,1145599;2,4375701;2,8857999;3,9628899;3,3453600;3,5742300;5,5568600;3,7718599;2,4899700;3,3689899;3,8922601;3,7735000;3,0331399;2,8041601;3,1991601;5,3067198;5,8480501;3,5478599;4,2659998;4,4233799;5,3400602;6,5395598;5,2823300;3,1873901;5,0153599;6,2514200;5,6818800;5,1983099;3,4994500;3,0983400;3,8490000;4,3520298;4,4818902;2,4475100;1,0969400;4,0959001;6,8404799;3,8391099;3,2165401;3,2595100;5,1776800;2,2142701;2,4501801;2,4700799;4,2111902;2,8616800;4,4653201;0,6648880;5,2645998;1,4764700;2,2701001;3,0945101;1,0387400;1,8258200;3,6104701;0,1681740;2,2060299;4,2361102;2,9211700;3,4021101;3,8418701;2,9881001;5,4886298;5,3621802;5,4912000;2,5909200;4,6420898;4,9045801;3,9799800;5,2016001;3,7866800;4,9023800;6,3443799;5,7260098;5,0560999;5,7985601;4,4340401;4,9320998;4,6812201;5,3692498;4,1198201;3,9634800;6,0152202;4,6242700;4,3436799;4,6145701;5,0274901;4,5539799;5,4325800;4,4940200;4,8104401;4,8564301;5,0911598;5,0723000;5,2672200;4,6925602;2,6217201;1,3337100;2,2371399;2,8414600;1,1714900;0,5594750;4,1349502;1,4245100;3,5026700;3,6056499;3,3840799;0,6323820;2,8626201;2,0685599;1,6698101;3,1385100;4,3384700;2,3014200;6,5926099;3,0107501;2,2322400;4,6682000;5,7871199;3,5055599;4,8863401;4,7664800;5,3944402;4,2996202;3,0623701;4,8371000;0,5022730;9,6127195;7,0336199;13,8337002;7,0663099;0,9167330;-5,2438598;14,8069000;-6,1109200;3,6576500;0,4777180;-0,9410780;1,2281200;2,2946000;2,9840400;1,5072401;2,6179199;2,9174700;1,9708600
3806;60402781;449444,799999999988358;5687304,000000000000000;372,5000000;0,0000000;-0,9442580;-2,1308999;0,7603550;-0,5033260;-1,4897600;-2,4002099;-2,3840899;-1,3942699;-1,0237700;-1,5806100;0,3865510;-1,0422800;0,5036920;-1,0107300;-2,0089500;-1,2290800;-0,0023923;-0,1907790;-1,4717900;0,6530640;-0,5995850;-1,9924400;-0,3209950;2,1032000;-0,0251141;-2,1760700;0,7537120;-2,6010101;0,3177080;-0,4617120;-1,4948000;-0,4102830;-1,3009900;0,7797330;-1,6075500;-0,6975030;-0,8529130;-0,4080650;-1,3026500;-0,8852530;-0,8750070;1,1335100;1,3654701;0,9554750;-1,1564400;-0,0451367;0,0690651;-1,1380900;0,9953090;-0,1887070;0,2844680;-1,2262100;0,1915220;0,6580450;1,1946501;1,5613199;-0,8097130;-11,1351995;-3,7355800;-2,3402500;-0,9804840;0,1315310;-2,0240400;-0,6753850;-2,0280700;-1,3132300;-2,3042901;-0,5757790;-0,2493310;-1,2818000;-1,0089800;-0,6403910;-1,3575500;-3,0190401;-2,2811100;-1,1107399;-2,2072999;-2,9974101;-5,5144401;-2,9085400;-3,7112801;-2,0104201;-0,8523670;-0,1631700;-0,0727100;-1,1901000;-1,5741700;-2,1360400;-4,3967199;-0,5037830;-0,1702870;-1,7469701;-0,9207410;-2,2695701;-0,2749830;-1,4156100;-0,6272510;-0,5768390;0,1114230;-1,9196700;-0,3687000;-0,4631110;-0,2001140;-2,8611901;0,7246600;-1,2076900;-0,9656100;-1,2872601;-2,2850299;-0,2103300;0,6784110;-2,6088800;1,4166600;1,1183701;-1,2740500;-1,6286500;1,8160400;0,5427490;-1,6675900;-0,6437390;-2,1482501;0,4541640;1,6787300;0,5574110;-0,7995050;-2,3745699;-1,5891300;-1,0607001;-1,2500200;-3,1242800;-3,1166401;-2,1467700;-1,3244300;-3,9163899;-2,6392601;-1,5859100;-1,6570600;-1,4130800;-1,9471101;0,8656200;0,3491590;-0,4557000;-2,8597500;-1,5979700;0,2852690;-1,7725700;-0,7264860;-0,8908540;-2,4370100;-4,0705900;-1,9840900;-1,0448999;-1,1267900;-0,5308410;-0,2764790;-2,3263199;-1,9688700;1,1813000;-1,0516800;-2,5845101;0,0783291;-0,3669360;-0,5273850;-1,9108400;1,0370100;2,3565500;0,8424030;0,3636880;-0,9787470;0,4932440;2,1663799;0,8942770;0,1366410;0,3894320;-0,3227860;1,6243700;0,2694940;0,3506530;0,0135393;-2,7128501;3,8930900;-0,1989470;-0,3399840;0,4971430;-0,3329650;-1,3042400;-2,0279901;-3,8613701;0,7218430;-0,7783210;0,7703600;0,1985940;0,4697230;-2,0137501;0,0757761;-1,8440000;-2,4122100;-2,0730100;0,2750570;-0,0473150;2,6529400;-2,1420200;3,1061800;-2,2073901;-0,4155960;-2,2063100;0,4488880;0,6690080;-1,5498199;-3,2006900;0,2582600;0,0349326;-2,2713201;-0,9645450;-0,0662012;-2,0710499;1,8834701;-2,1950300;2,0144601;-0,4312010;0,2738640;1,3597100;0,0472760;2,2120199;0,5198380;-0,6281680;-0,4672510;0,1912040;2,1985099;0,0303625;-0,3671970;-0,8393090;1,3435500;-0,7128530;0,8385430;-1,3778400;-0,4945350;1,5918200;2,1410999;-1,0801400;0,6482130;1,6660800;-0,0256462;7,9045100;1,3902100;0,5253840;0,7225980;0,0980039;-0,8944970;1,0081100;2,5581300;-0,7646480;-0,0072665;-0,9566000;-1,0246900;-0,6979350;1,2522100;-1,4552900;-0,7416610;-2,3884499;-0,2931540;-0,9103120;-0,6596570;-2,0931799;-0,7451750;-0,8652200;-2,3404000;-0,2863210;0,3928580;-2,9871500;-0,4131690;1,4275301;-0,3934440;-0,9306310;0,9039390;2,0060401;-0,0168084;0,0823808;0,5440800;0,7782040;-0,1214570;-2,8134301;-1,9155200;-2,3866501;0,0434310;1,9241600;-1,1545300;-0,8081900;-1,9657300;0,0504656;0,4589800;0,6694360;-0,8168620;1,0599800;1,0379100
3807;60402782;449453,700000000011642;5687306,400000000372529;365,5000000;0,0000000;1,3877000;-0,6216190;0,4993280;0,9941050;-0,2965110;1,7057000;2,1329300;0,9328640;-0,1342770;1,6032701;2,2097600;1,3713900;1,7168700;1,4497300;0,2235370;1,0797800;1,5529600;1,3085200;1,1445500;1,3006600;1,1822500;1,8501101;1,0928800;-0,7673240;0,5256450;2,1871400;0,0108871;-0,7237390;1,3659500;0,1217320;1,8634700;2,4020400;0,3839140;0,7238880;1,0896900;0,0262239;1,2021700;0,8948250;-0,4025030;2,0815599;2,8613300;1,8261300;0,3960070;0,7697680;1,5577600;1,0908400;3,8310900;1,4302100;1,6356300;1,0843300;2,1611099;0,1587090;3,5297699;1,7706800;2,1035099;3,2521901;1,1380700;4,9373999;2,4499700;-0,4449480;1,9729600;1,8341000;2,3751299;3,1953900;1,8147399;3,0573201;1,8237700;2,4050000;0,4896400;-0,5886020;0,1223370;1,5300699;0,5685030;-0,7795610;-1,0415900;0,6497470;1,0832500;-0,5644300;-4,8099799;1,0109600;-0,1905950;2,5545800;-0,2150950;2,0647900;0,7564600;3,1914599;1,8440900;2,5758500;1,3612700;1,8666600;2,0855601;-0,3245300;0,6855230;2,9343700;1,3046200;1,2700500;0,7858250;0,4823770;1,1747600;-0,0221226;1,5010999;1,1684600;1,3360699;0,6392040;2,9655199;2,8934801;3,2909000;2,0466299;1,0525200;1,3737700;0,5495590;-6,6503301;2,3414500;0,1124680;1,4632000;0,6635090;2,3106501;2,4318900;2,3141401;1,2091900;2,2115300;2,0789299;-0,3367720;0,7547660;1,3419300;2,0026400;0,1152700;0,1679240;2,0244501;0,7070790;1,3756900;-1,2721500;3,3496201;0,9877850;-0,3331870;0,2476330;1,7224300;0,3828190;0,2584210;2,0883999;1,9637200;1,1259800;2,0758500;0,3599860;1,9218301;0,5744770;1,5668200;3,7597899;0,5949780;-3,5065401;1,9762599;1,7858000;2,1613901;1,9460200;0,4145570;1,1781100;1,6431500;1,3559200;1,7923700;1,3316700;0,5477070;1,6251100;2,0603299;1,4340500;1,5443000;0,3529140;2,2617500;2,9569099;2,7107100;1,7511200;2,3160501;4,6732502;0,7869510;1,6979200;2,6593399;2,6693599;2,9790299;1,1896100;0,9137880;-0,5281030;-6,0275302;-0,0213176;0,3606310;1,6011800;0,2333610;-0,1677890;1,8667901;1,1218200;1,1660600;1,5987700;1,2438400;0,9371330;1,1178000;-0,6953100;1,4071100;-0,4996510;2,0490899;2,6206300;-0,5473870;0,2798490;3,1694901;1,3956300;0,9441980;0,0318751;-0,8772530;0,9856100;3,4138601;1,8145300;1,9619499;1,6266100;1,8737000;0,8027920;2,9575000;3,3059399;2,1556301;1,1262600;1,0118001;0,7706970;3,0491400;1,8673100;-1,3847300;2,1212900;0,8354600;2,5781100;1,7712600;3,1016500;2,2343400;3,2883699;1,7912700;-1,1709200;1,2953200;0,5472840;0,6642780;-0,5100080;1,3236400;-0,1037570;1,6983000;2,4452701;1,4807600;0,4634020;0,9744920;3,1374700;0,4586530;-0,5116270;2,2413099;1,3581800;4,4289699;3,1592200;2,7448800;2,7614999;3,8397000;1,9539900;4,2263398;-0,6010060;1,4727401;1,1903900;2,4747801;0,6061820;2,3895600;0,8007950;1,2172400;2,1780901;2,5833199;-0,5057030;1,4564000;0,9541420;1,5670700;3,7322600;1,7466700;2,5363400;0,3007090;1,7473700;0,9784560;1,8470600;1,9846900;2,6365499;0,8842050;2,1422200;0,0418932;2,4065299;0,7970000;-0,8590410;1,2274801;-0,7965670;-0,8195760;1,1511700;-1,1421800;3,3332500;3,8150301;1,0739400;1,5118099;1,2151300;-0,9500590;-0,7847310;-0,7810430
3808;60402783;449468,400000000023283;5687308,500000000000000;354,0000000;0,0000000;-12,1147003;-2,4114599;6,8852501;-13,2707996;0,9331770;-4,7204499;1,1836100;3,6450400;-1,4865299;-0,6082880;-6,6962500;-2,8149300;-1,4536600;-3,2870300;-2,6304300;-1,1122000;-3,1398301;-1,5457400;1,1136400;-0,9237000;-1,0062400;-7,4791999;-2,4253099;-1,0778700;0,1259150;-2,4224100;-1,8866800;-4,7302098;-5,5700202;-3,4916999;0,3956140;0,9494530;-1,0623100;-1,5300300;-2,4481599;-4,4698200;-5,4314098;-10,7075996;1,8618300;-0,1415470;-1,7126900;0,7718290;-0,2980450;-0,5382800;-2,4712999;-3,2195101;-2,1053100;-2,3120000;-1,2026401;-2,1286199;1,7635500;-1,0342900;1,0081300;-2,0640399;-6,0145998;-1,1552600;-1,2646700;12,0539999;9,0133305;7,8478198;0,6998250;-0,0979750;-2,4472301;2,1922200;2,7848401;3,3276701;1,4651200;1,9803801;3,3951001;2,3244400;4,3961101;3,8186200;2,0213101;2,2420101;-0,1085450;1,3539100;-3,6443400;-1,8996400;0,4122950;3,6969500;0,2201780;4,7266898;1,1536500;4,2827101;1,2341700;6,0381298;8,6984301;2,7725599;2,4729500;3,6793001;-0,7373060;5,1927099;7,8362999;5,5537200;6,4890800;-1,3885800;1,7265100;-1,2574800;-0,9905650;-0,8925880;0,2646800;0,3672430;1,8491900;-0,8748050;-0,6448980;-1,4551500;0,3912100;1,5183300;2,3154600;3,0002501;2,8812399;-5,3881698;3,3257501;-0,7261890;0,5519680;1,3480200;0,7136190;0,2791350;1,4518400;-1,3405800;2,2105100;2,4310501;-7,7005701;1,0451900;0,2150310;-0,5158890;2,1944799;2,6863999;-1,1706100;2,5637000;0,9186120;-4,0756302;4,7686901;4,8137598;2,0891299;6,8015699;6,6200600;-0,5166070;7,8034000;-1,1511700;-0,4888960;2,6908500;-0,5163940;-0,4504330;3,6059999;3,4112301;2,2139900;-3,0256801;-1,8963701;-8,6407804;3,1142499;-0,2766040;6,1333299;5,9322600;4,8422799;5,0757198;3,7892599;-7,3369398;-1,1840800;-1,9992000;-0,5758230;8,4504204;1,3800200;3,0319600;-0,7925180;2,7599800;1,5827200;-4,8513899;1,5530200;1,9835500;1,1157000;1,9843000;5,9243398;-2,1756401;1,8199300;-0,5028630;-0,0623267;0,8614980;-4,8894501;2,9623899;-2,2169700;6,8947101;-0,3892590;-1,3124400;-5,0852299;5,3589602;0,9496400;-0,5297300;0,0242310;0,7793730;5,3247199;9,8814201;-0,4916300;3,9044299;4,1999898;1,3423500;3,4276400;2,1826899;5,8450899;4,2579799;2,5323601;0,5472830;0,6139080;0,7670310;3,1340599;0,2853010;3,4430301;3,6269500;4,4135900;1,5230700;1,7162100;3,7514000;-1,6790100;1,9147400;3,0649199;4,3967299;2,8937199;-1,1864300;3,7911100;-0,1259270;0,2393850;-2,5086801;4,7572699;5,2891798;2,4923301;3,5516701;2,0334799;-0,2061550;1,5564801;-1,8653700;0,0222089;-2,7583201;-0,0844364;1,1123600;0,9670690;0,6944640;0,2588810;1,4997300;4,9966202;0,4258330;0,7717850;0,7052550;-2,1255400;-1,2756799;1,9038000;-1,1191500;0,3409900;-4,1628799;3,2926600;-2,6705999;0,2815610;-2,5100300;3,6728401;2,4868600;0,8242340;3,1814001;-0,0398388;0,8782510;1,8379500;1,8579201;-0,2837170;1,2044700;1,3401800;3,0607400;0,8942190;1,0434400;-2,8083999;-0,5328800;-0,0951254;3,0287600;0,6116690;4,5924201;-1,9444799;-8,5214996;-2,9934700;7,9922500;7,0670400;-0,0515654;2,0848200;0,6322610;0,3659820;-4,0187702;-3,0255799;-3,9468801;2,9464400;1,8710600;3,9467299;1,0731100;0,1370320;0,1431160;1,9234400;0,7323760;-1,6041501;-1,1674600;-1,3578900
3809;60402784;449474,500000000000000;5687311,599999999627471;346,7000122;0,0000000;2,0332601;-0,8397620;1,3120800;2,7258699;-0,8084880;-2,3225000;-1,6132600;2,8935299;-1,3798600;-1,1832900;-1,4355201;-1,2090400;6,5013800;-0,7282330;-0,5360500;5,3450499;0,4506660;-0,4690900;2,5498700;5,6181598;-2,3131599;-0,3590180;4,5663099;1,1875600;-0,6301880;0,7539980;4,8197999;-2,7322600;0,9003430;1,7847700;-4,8348899;1,3325700;-1,1640800;2,2123001;3,9063101;1,0959700;-4,1422200;-2,6242299;-2,9920900;1,0342900;-0,4019220;0,9900240;-1,7920001;-1,7559500;-3,6193800;-1,8300200;1,4924500;7,5328302;1,7577600;0,1619110;-3,0357699;2,0479200;1,1914800;0,0946717;-3,6944599;2,6172299;4,1621499;-11,3809004;3,8860600;1,2179800;0,2269120;2,0788400;-1,7373700;-0,3522280;-0,2074510;2,6846800;-1,1750000;1,9706300;-0,3744990;-2,2684000;-4,9247098;-1,4955200;2,3288701;-2,6069601;-0,0885741;-1,6499600;3,3080001;0,1502030;-2,6104701;-0,3404510;-2,8373101;4,7074399;-0,5650530;-0,6034130;1,5523900;0,8750930;2,2183599;-1,0064200;-6,7442198;-0,6854490;1,3447500;1,8816800;1,3509700;2,0165300;-1,0640700;-1,6483999;-1,3967000;0,2987680;0,7652930;0,1877100;3,6928899;3,3403299;3,9533899;2,6536801;2,6678100;2,0926900;-1,1271800;-2,5382099;1,7192600;4,0522499;1,3108600;-1,7645100;4,0380998;7,8679099;-2,5653300;-2,5301199;0,2618580;2,1343999;7,2726698;4,0721502;-9,8301001;0,9906490;5,2758799;6,6844001;-0,6544050;-0,8986730;6,1198201;-1,6869000;2,8780701;3,9083900;-1,4526100;0,7083210;1,2595500;-2,1738901;-0,3866670;3,4645600;-0,1501440;1,4743800;-4,2317300;4,6268501;-1,6908900;0,0520219;0,9278680;-2,8260100;-0,0081339;4,0625801;0,6448820;1,7511500;-2,3096001;-5,7202902;0,2796580;0,9712400;0,2702100;1,8763601;2,1194100;3,7744200;0,2531870;5,0754099;1,8649600;3,4474499;4,3010502;1,3099900;2,0754700;1,3456200;1,1182400;4,1911402;4,8569198;2,5280900;0,2912070;0,8024700;3,5308101;1,2381099;4,3200998;-0,7217840;2,5434599;2,1224999;3,5224299;3,1808600;1,9779000;-0,8807290;2,6002800;6,2287002;0,0296403;1,0621901;-0,2749360;4,0175600;-0,2721390;-3,4790001;1,1411300;-0,9604390;0,9857690;-0,2343970;1,0439301;-2,5798900;4,5537400;-0,9507150;1,5596300;-1,8063900;-1,2851599;-2,6187401;0,9353660;3,3014400;1,4332000;-0,2551230;0,3127180;-0,0530874;1,0664200;2,3958199;-2,4661300;0,6455730;0,3566460;0,3756110;1,5272000;2,2221000;1,0717900;1,0512300;0,9272280;1,2279299;1,6810600;4,9369798;-6,8598800;3,0166399;6,0392299;8,4791899;8,4029503;4,7929101;2,6423299;3,5547199;5,4190202;1,2282200;2,1512699;5,7067599;4,0381498;-2,2219100;1,2201101;-4,4039402;4,4924002;4,4112401;2,9552100;1,8183800;6,2816501;-0,4336670;5,4185700;2,8607800;2,7515099;5,3443398;-1,9257500;0,8598000;7,6952400;14,9981003;-0,7221880;12,0902996;2,7194600;-0,6298720;-1,5676100;-0,0779034;0,4649360;-0,1318320;-1,2743800;-0,1189910;-1,6988100;-1,0168300;0,2479160;1,3995399;-1,9381500;2,2808900;0,4626860;3,9999101;1,1493200;2,7212801;0,5845730;0,6320000;0,7539790;0,3600900;3,1168599;12,6166000;1,8679399;5,4719100;6,4124298;2,9673200;3,2361901;-0,5324580;-1,5277600;0,8057180;-0,9714750;4,3408198;3,3560400;0,8323400;-1,8935601;-0,1057280;2,5789499;0,7732720;1,2877800;-0,2018170;-0,5481090
3810;60402785;449484,400000000023283;5687312,200000000186265;345,2000122;0,0000000;-0,2042860;2,3898499;0,3387370;0,0713038;3,1627200;6,7593098;1,0988400;1,1084000;-2,9821801;-7,0074801;-15,1089001;-0,8616520;1,5968000;-5,7823100;-2,0412099;-1,9309900;0,5372370;5,0344400;-1,9352601;2,6099000;1,3333700;-14,4864998;-0,6518620;3,5464499;-1,2348400;6,2131200;-1,0408900;-11,2402000;2,3485601;-1,5166000;-3,5026600;-14,5537996;3,3393300;-4,3880000;-0,8748900;1,6420701;-0,7835960;-1,2273099;-0,1604800;-0,1424650;-1,3316801;-2,1861200;-8,1800003;0,6344740;-0,7829050;-3,6279099;1,4707500;3,2367001;-1,4561599;-1,8171800;1,1731000;4,5197501;1,5932699;-7,0307498;-2,2955101;5,8053799;-1,9643700;0,8806530;-1,7897800;-1,2210701;-0,2073350;-2,2193401;-10,8121996;-0,8536280;-4,9268699;-1,7694800;-0,9583690;-11,9663000;-0,2481880;-1,5359300;-1,1373700;1,7906400;-7,7452302;-2,0840199;-4,3761501;-4,3692799;0,4181430;-6,0008101;-3,5093901;-5,9304600;2,2312400;-5,4315100;0,7147740;5,3290501;-5,6398301;-4,2915201;-2,6596200;-4,7556901;-1,7482100;-8,3755598;2,5861599;0,2331730;-1,2168400;-4,5971599;-3,2943299;-1,7166300;-0,4639970;1,8140800;-0,4611060;-3,5242600;-5,5013199;-1,8669900;0,2014970;0,3256030;-2,4681599;-1,8320000;-1,3068399;0,4986010;2,3338301;-3,7362299;-2,7011800;-2,9928000;4,7019200;5,5341401;4,6385798;1,3442500;2,3401699;-3,2571299;0,8792290;-4,5040798;-1,6762800;0,7863410;0,6018560;3,1629300;-0,2036650;-7,6672201;-9,9072704;5,1643000;-0,6098420;3,5285299;-5,2887301;1,1426700;1,1959300;-3,6568000;12,5250998;-0,3665990;7,9099998;4,2325802;-0,4945170;-0,9129020;2,4227200;1,0500200;2,8205199;4,6082301;0,0168166;-5,8114800;1,2934400;1,0130500;-1,6207200;-8,3120003;3,8637300;-1,7772900;-8,7729197;-3,8373301;0,8295010;0,8234270;3,1824701;-0,5500040;0,6878810;-0,6230940;-5,9090600;8,3482599;-4,9729900;12,9361000;6,9676399;3,1037700;1,9311700;5,6977401;4,6366200;1,3783200;2,2449100;4,1545000;0,8715240;1,2146400;1,6486400;3,9061699;-0,9709070;-3,9929399;-0,5985720;4,4067502;0,7411170;2,4415400;2,9392099;4,2396302;2,9014499;4,1536899;2,4377799;-0,1157770;1,5590000;-0,0877726;0,6557000;-0,8125360;-3,4069700;3,6963799;-1,2051899;0,5860350;-6,4024100;6,9106798;-10,2917004;-0,1414520;3,6512899;-1,1268800;0,7228330;1,0118099;1,7045500;-1,5614100;0,9611900;3,9397700;0,1592250;1,3302100;0,7226630;-1,0246300;0,4092580;4,2553101;0,2065950;-0,6386380;5,5535402;-3,0869801;1,8974900;4,8645401;2,4260900;-3,1113300;0,0920856;13,3303003;-4,4100599;4,3987498;-0,8748070;1,7113500;3,9648399;3,1763899;1,1463500;4,4799199;4,5101399;-0,5158980;-0,7340270;-2,8395400;1,2473700;-1,5944600;-1,9453300;-1,5389600;-3,1568699;-1,6166300;-1,3659900;0,5094560;-4,8190598;4,5787902;12,6806002;3,9830799;2,3602099;-1,6034700;-0,5835490;3,9795101;0,0742221;2,4118900;-1,3633300;6,0927801;0,8280610;0,9161700;-1,6483001;-2,4546800;1,0385000;1,8340100;0,2021110;5,3416600;0,5820520;4,7375302;1,5647000;5,2785501;2,2223899;2,3386800;3,5076900;-2,0836501;2,0087299;0,2945680;0,1585460;1,8605800;-1,2930599;0,7713390;1,6983200;6,1575599;2,4809301;1,5144200;0,5899130;-1,7791899;-1,7977200;-2,1479299;-3,5084600;-2,3850801;-4,3575602;-2,5191901;-1,0521200;-3,4121900;-2,9347401;-1,8803000;-2,1216800
3811;60402786;449495,400000000023283;5687316,900000000372529;346,3999939;0,0000000;-2,0882199;-5,4176602;17,3391991;12,0165997;10,5895004;13,6321001;11,7440004;8,3796501;8,5538502;12,4159002;10,9668999;10,6976004;8,9236298;17,1833992;11,0000000;10,0910997;8,2077599;11,8309002;-0,7872670;4,8487501;-0,8857830;5,2497201;15,3469000;0,1018120;6,5573902;17,2933006;8,6339798;9,1813698;3,7651701;17,1119995;5,6651001;8,1638899;6,3819098;9,8372202;1,8663000;4,5704598;7,6555099;7,2851100;6,1942201;4,2438598;5,8907099;1,0466900;16,1422997;4,8589501;7,4540401;6,9367399;9,8730297;10,9231005;4,8989201;12,0985003;8,4979296;6,4635601;10,5495996;7,8485999;5,2723398;6,2055001;14,1618004;-1,4518700;-3,6781499;6,6117702;9,8286505;5,6803999;10,9082003;1,3707600;5,5985398;3,1274600;5,6139002;9,6394997;6,3584299;6,6900601;5,4854798;7,3903198;4,0655098;16,6259995;0,8481050;8,5460501;11,6747999;5,5455599;9,7007198;1,2233700;3,6713500;4,0641098;9,9137802;16,1856003;6,0790300;5,2708201;0,3927480;11,6794996;-3,9872999;-0,4352080;11,6120996;11,5394001;8,5539198;1,9763700;1,9288700;6,4471002;5,8093400;7,1448302;20,1760006;12,1688995;4,9516702;11,0089998;10,7895002;8,2911501;10,6155005;7,3279300;4,8789101;8,4462404;5,6237102;8,6437597;10,9384003;3,5204101;8,4814301;13,8657999;5,0393000;5,1023202;8,2329998;3,7479999;4,4248600;2,5546701;4,8301501;1,4395900;-5,1958499;16,8097000;8,9433804;8,0192299;2,0987301;10,9577999;9,5211802;6,7807202;3,5492301;13,0042000;5,2375102;6,7602301;8,9368801;8,1955900;1,2313200;5,9277802;6,4280801;5,5990701;11,3234997;5,6532202;5,6182499;12,4621000;7,7923598;6,1734600;8,5057297;4,9176698;6,1978502;-0,3938550;10,5783005;10,2306995;11,4750004;13,1548004;8,7126799;2,8554900;11,0681000;6,0529499;6,7352500;12,5646000;11,8360996;9,2919302;8,8628101;4,9203801;7,6816401;11,0854998;17,9878998;8,2439899;9,6459599;12,0531998;3,8623500;6,8808198;0,6742100;7,2109499;9,4377298;13,2608995;15,8486996;9,3084002;10,2608995;8,6273203;6,9525900;8,6599302;10,5285997;13,2146997;7,6249900;7,6986699;0,7187950;5,8918099;9,4534903;7,6947799;5,6048398;11,1240997;9,4030399;10,0108995;8,3937998;7,4561200;3,5161700;7,9712100;2,1625900;5,7031202;5,1095500;5,2006798;10,3097000;14,5368004;7,0635200;2,4520400;8,3036203;4,6421900;5,4925599;10,3206997;8,4060402;4,3363099;3,0203500;9,0606499;7,0385799;1,9251800;1,6725700;6,8550901;-3,1998601;12,3747997;12,1927996;11,3297997;12,3659000;8,5730200;5,3597898;4,5123100;3,3504400;3,9403000;8,0003500;11,2706003;8,4575300;3,3385899;7,6459498;4,3903999;8,9049902;2,7684200;5,7461700;6,6348200;12,9970999;6,7127399;5,6056199;6,6185198;5,3298802;8,4073801;6,5020099;10,7545004;3,1202700;13,1892004;8,2312698;8,2397604;2,6559501;8,2039804;11,7048998;19,6797009;2,5481901;8,3152905;13,3564997;9,7358503;8,4850197;9,3376999;8,1444502;8,5904799;7,9642401;9,5507402;4,4483600;8,8969402;9,4872904;9,2235699;8,4567604;12,1392002;21,8512993;6,7831402;8,1722002;9,3516598;11,9371004;10,5325003;10,3256998;12,7482996;8,8621101;4,6559200;5,1037598;9,0284405;8,0150604;6,1023998;8,7198696;3,5703900;6,5536399;8,5691900;8,0010099;14,1828003;6,4255700;6,8114300;7,3901000;7,9059401;1,3628401
3812;60402787;449501,500000000000000;5687318,000000000000000;345,5000000;0,0000000;2,4922199;0,3204220;4,4265399;2,1061599;0,7880950;-0,7723860;1,8396300;3,4245801;-0,4386610;-0,9852560;3,0720601;4,0163898;1,9914800;0,3590870;1,8508900;0,5146180;2,0377100;3,6634500;3,5905099;10,8948002;4,2981901;-1,2248600;1,9510601;2,4080601;0,8129780;0,0746471;3,4954700;-2,3775799;-2,0940800;0,0464772;-0,1497620;3,0158100;5,1380601;11,1585999;4,7810502;-3,2032499;4,0837898;0,0870655;1,4154500;2,2801299;-0,5278970;1,3558900;-0,2105420;-5,9735599;7,8639698;8,6960602;1,5609900;4,3314500;2,8498399;4,5007901;6,7765899;2,3715401;5,3487601;3,3851600;1,8977900;1,0282600;0,9856660;-2,6822500;-4,3337202;1,5127500;-1,4797800;-3,8995600;1,1105800;1,1227100;-0,4399150;2,0632701;2,8662400;-0,8508410;0,2948170;-1,9402800;0,9633690;-7,1081700;-2,5875399;-2,3228800;-0,2940140;-5,7573800;1,7616700;3,8196599;0,3651740;-4,5646701;4,2145901;13,6920004;7,4162302;4,7638202;1,7363300;3,8954699;3,1620300;-1,9388601;0,0594248;4,0666699;1,4467800;2,3125000;-2,5729301;-1,7847500;0,3193980;7,3884201;2,8187499;1,8836499;8,3472404;-0,2939610;-0,7131070;1,1069200;2,3570099;-0,4361220;-1,8111600;0,9488660;0,6113010;-2,6985800;3,8726201;5,5654202;3,6291299;0,4676040;-0,4812460;0,4098940;0,8932240;-0,8223260;1,2645800;-4,9051399;-2,0670600;6,4486299;-1,1023999;-2,5346999;-9,0446396;-2,7433801;1,3450700;-0,0077841;13,6152000;0,4782610;2,5141699;3,4006400;4,7519102;0,1903430;4,7790499;-1,1377500;1,2252001;0,9285260;1,2108600;5,7358999;0,8056180;9,2326899;1,8174599;-9,4258699;-2,7268000;-8,4031696;6,2140899;-0,1463380;-2,2327099;-2,0099900;-8,3409901;-7,7308402;1,5301700;1,3124100;-0,4851330;1,1190000;0,4435900;3,9545400;-1,1964400;0,1342610;-0,8161650;-1,3035200;4,1520600;1,7219900;3,5992899;1,7826700;1,2856100;0,9473910;5,6019101;-1,8795300;-0,6719180;1,7362300;2,1370201;0,2622940;-2,5595100;0,7993030;4,1046801;4,1646900;6,0087900;1,5162700;-1,7034100;4,5374098;-0,9134630;-0,8046020;0,3808690;1,8626601;3,1600201;3,2551000;3,1040001;0,8797710;2,5409701;-0,0563548;0,4716110;1,3231800;2,6661501;1,0554100;-0,6161550;-0,2456590;5,6669898;2,4825599;4,4425998;-0,0145241;-3,8893199;1,7622000;1,2891901;-2,1504200;1,5698400;0,8940210;3,2976100;-0,0515430;-2,2720499;-2,8167400;4,1504302;5,5555301;3,0864699;4,1926599;4,5512300;2,1664000;0,2593170;0,8489980;3,3869200;6,7775102;3,8412900;5,0860901;4,2890801;3,8387699;2,7387600;5,4682698;1,8963000;2,5310199;3,5233300;0,9702140;2,1317599;0,1405840;-5,8202100;-0,5005970;-0,5968280;1,9830101;0,7745470;2,1122701;6,4737601;6,0330601;2,5154300;7,7729902;0,6829430;-0,0428412;3,3167601;3,8627000;2,9949901;1,8290499;4,7715302;0,7817820;4,7148600;2,1937599;6,6549802;0,5767710;-0,0436690;2,3696699;4,2956901;3,2077401;-0,3749520;5,0450101;7,0535202;6,9625502;0,0596828;-0,8953600;3,7107201;1,4449400;-4,0551100;-1,7250201;4,0524201;5,6507702;1,7762700;3,5433500;3,5339999;4,9755602;2,9062200;4,6970301;0,0181653;4,4986200;4,8135099;2,6906199;3,4634299;1,9017200;0,7256970;-0,5575800;0,8544500;-0,8661120;-6,8775101;-1,8320900;1,4891900;3,2852299;2,2288699;1,5202000;-0,6712110;3,5393801;2,7454600
3813;60402788;449509,900000000023283;5687320,000000000000000;334,3999939;0,0000000;-5,3193498;-4,5954399;-2,0329499;-4,0100598;1,8593200;-7,5966702;-3,8512299;-0,7681150;-4,6234498;3,3329000;-0,2329620;-6,9579902;-2,4783101;-5,1104002;-2,7732401;-6,0023899;-2,6943600;-14,9802999;-2,2034800;-0,2061270;1,0115700;-6,0347900;-6,9463201;4,9548702;-1,1086700;6,2284002;0,7338950;-4,8302698;-0,6992530;-3,8397501;-4,9342799;-1,6023901;-2,8977001;-1,8799400;-5,3404899;-3,6583200;-3,0489299;-3,0928400;-3,0279200;-4,4718499;-4,2923899;-3,2800200;-4,4337602;-7,2747102;-2,8646400;-1,8334700;-3,0646200;-1,1633700;-4,6654000;-1,3153000;-1,5327100;-2,3097799;-4,7599902;-1,8126000;-4,7106199;-1,8058701;-5,1686401;-5,6076498;-5,0809598;-3,4655499;-2,3197501;-4,9443202;-2,0102301;-0,4341940;-0,0030651;-3,7727399;-2,4776900;-2,5429499;-4,6277900;-5,3963900;-5,9365301;-2,0910599;-3,9454801;-1,5109000;-6,6725202;-1,9708000;-3,4425499;0,1721140;-8,0615597;-3,7426200;-8,2240801;-4,6630201;-6,9584398;-4,8534698;-7,0718699;-3,3906701;-6,4082398;-3,0392399;-2,3375399;-6,5290198;-0,7633380;-4,1779499;-2,5180600;-5,6491599;-4,1586099;-1,6211801;-2,9302001;-2,8727901;0,5809780;-6,3712602;-4,0430298;-5,1896100;0,9571090;-5,6237602;-5,8663802;-5,6040502;-4,3600798;-3,7551000;-6,6672602;-12,3922997;-1,9554600;-0,4797580;-2,9815300;-1,1365499;-1,7593900;-3,7230599;-0,0521765;0,1675380;-9,6536798;-8,7852402;-4,6264400;-6,3007998;1,8540400;-2,4000299;-3,5411401;-4,8868399;-5,0471601;-6,9329100;-7,9727998;-1,3310601;-8,1496696;0,1421050;-0,4682600;-0,8408960;-2,9160900;-5,1894102;-0,9325030;-2,4036000;-2,6960900;-6,0788002;-5,5615001;-7,1654301;-2,7985499;-4,2792001;-5,2607098;-10,2206001;-6,6674299;-4,3142600;-4,4089799;-10,8642998;-3,3833399;-6,3261099;-4,3838301;-5,6450300;-5,5368800;-8,9820805;-7,9904299;-6,9834399;-5,0613399;-2,8918600;-5,4071298;-2,5174000;-6,0165200;0,6577960;-1,7604200;-2,1815500;-0,6789480;-2,8630199;-4,9230499;-0,9139980;-1,6914901;-6,1058998;-7,2808199;-5,3994598;-1,8723800;-1,1875900;-1,2489700;-3,0487399;-6,4068599;-0,3687810;-2,1478701;-1,4498200;-0,9530740;0,7836910;-5,5929899;-1,8654100;-1,2081600;-2,5412600;2,1037500;-3,4211400;-1,8698900;-2,3179700;-1,5666400;-3,3620601;-4,5886798;-4,5696802;-4,9731798;-2,5054200;-2,7542300;-8,0712996;-3,6736701;-2,4443300;-3,7175000;-3,1691501;-4,4737501;-4,2484002;-2,0144401;-0,5069050;-3,1046400;-2,9687901;-3,1215899;-5,1652098;-7,4312201;-5,5141702;-2,1445799;-3,7977099;-3,5465400;-11,6321001;1,1178100;-4,1533999;-2,8935499;-3,3519499;-3,7679601;-0,2548890;-4,9373598;-3,3764901;-2,6955800;1,3322901;-1,3165700;0,5047640;-1,1754400;-5,7934899;-0,6771280;-5,6157699;-3,0124199;-0,0129738;-4,1155801;-3,9548700;-6,0881100;-0,4354960;-0,1403680;0,7081160;-4,1363201;-4,5502901;4,3080101;0,5990300;-5,8075199;-4,8697200;-12,7473001;-6,6078701;-4,9066100;0,9876720;-0,4374350;5,0172000;3,0185599;-0,2155790;-2,8142300;-2,3896799;-4,1974902;-4,0843000;-0,4600110;-8,1333303;-2,8362000;0,9874180;-3,6315300;6,2335200;-3,4114399;1,4020700;-2,4037199;-2,0671101;-1,9345300;-3,3759699;-0,4068330;-0,5773280;-0,9615600;-7,8209500;-7,1775198;-1,3901401;-4,2612100;-0,7243340;-2,4319899;-4,9058299;-2,5180800;-1,4851500;-1,6345299;8,2476196;-3,3713801;-1,0888700;-2,4681201;-2,2279501;-1,3546000;-3,9744799;-2,1907101;-0,5430190;0,1691330
3814;60402789;449526,500000000000000;5687322,500000000000000;327,1000061;0,0000000;5,9392800;7,6940398;6,8689499;6,0847802;9,0681400;5,5956001;7,3868999;7,7409501;3,7789400;4,0091000;6,8713398;7,0037098;8,4626999;15,9862003;8,0690899;8,3761101;2,8319900;9,9492998;12,0829000;7,2993999;2,9520299;5,1866398;3,1056199;5,1779699;5,3691101;4,5490799;2,0526500;-1,5875400;11,2846003;6,4301801;12,0797997;8,9206104;3,7221000;6,6353502;6,9471202;9,4261999;9,8629198;6,1188102;7,0549698;6,7788801;2,6309700;4,6645799;4,9094400;8,8669901;6,7062402;7,5742102;8,7088804;5,9388299;6,7550998;10,5051003;9,3050203;9,0309696;7,3110600;6,6912899;10,4811001;5,5245800;7,1285400;-4,6623402;15,5833998;2,8437800;4,4580798;6,2802100;4,2454400;7,5563402;-2,2089601;1,7368300;9,0233898;10,6869001;7,9459200;6,2450600;1,8593500;3,2645099;10,6589003;2,4945099;2,4590399;6,8852000;11,6484003;3,9353299;-5,2751598;6,6892400;4,6170301;6,6639500;6,7771802;8,0096197;10,8636999;6,8205800;5,8146701;3,9309900;4,0329700;7,2224598;7,2367702;3,7969100;8,9433203;4,4155898;1,4353400;8,1643496;8,1217699;8,3822298;6,0159202;2,6893201;6,7903900;5,0540800;7,0165000;9,1031103;7,1981401;5,7858000;8,8364296;7,9807301;7,2625599;7,2309799;6,9055500;4,3197999;5,5738502;7,0144200;7,3894901;2,0625300;3,5050700;7,1553302;2,5014100;4,3285398;2,3328400;4,3709302;12,0871000;7,4747400;8,1031303;5,0771499;7,5208201;5,8774400;5,7214599;6,7787800;4,6357799;9,2050600;2,6654799;9,9395199;6,7024002;4,2522502;7,5158000;6,0269799;5,4089398;-0,2367530;8,7863197;6,1655598;9,0373001;5,9489498;6,6411700;7,0173101;6,6669202;1,7301000;4,9782600;1,4329700;4,5011101;8,7681904;8,9713697;5,6001101;5,0395002;4,9608898;2,7135501;7,8876700;0,8535330;3,9999399;5,4200301;6,6419601;6,6260800;6,5261598;6,7286501;5,1916099;5,3271399;7,6938801;3,7747300;5,2141900;7,3470602;4,7052002;5,2285299;4,7650800;5,7177300;8,3049202;6,0484200;3,3123600;5,4148698;6,0342398;5,3993402;6,6881800;3,8011999;4,2749901;3,9691999;6,3010402;7,1088200;9,8632498;5,7674599;15,8116999;14,8372002;4,4463801;4,4681501;8,1892300;7,9066000;6,7850800;8,6861496;5,5190802;9,7642202;6,3027802;7,7976799;5,4582701;7,3037300;6,8239999;4,8204899;6,3607101;8,5986099;3,8881400;5,5610199;4,9157300;3,9135499;4,3125000;8,1379805;3,9815500;4,4725499;7,9103398;10,5518999;3,3605001;8,8228197;7,0844998;9,3172102;6,8991098;9,4915600;5,5698199;6,5951900;5,9730802;3,9102499;4,2077098;5,5419502;0,7152010;7,2514501;4,6574001;4,7347002;-1,0187700;6,9513798;3,8275800;3,4351399;6,8434200;8,7628603;3,0297101;2,2672999;6,7449498;7,0225501;7,4403901;7,4663100;7,8170099;8,8622799;9,5361300;8,3308296;6,1491199;5,9898200;4,1746402;9,7748899;5,9742699;5,7726998;3,0793300;6,3757601;6,4881501;9,8793802;5,5281701;6,8311601;4,5132999;5,1777902;8,2831297;4,8594999;7,6900101;6,7171798;11,4954996;9,3601398;10,2224998;6,2693501;8,2395096;3,7721300;5,2757001;7,9445601;8,9096003;6,6708398;11,2617998;10,3072004;7,5160298;6,7361698;2,1317699;3,6887200;10,8045998;7,3292499;6,1594300;6,9934502;6,5475402;6,3414698;8,3234100;9,9681196;9,2568598;7,5627699;10,7887001;5,6077299
3815;60402790;449538,299999999988358;5687324,700000000186265;327,2000122;0,0000000;3,2092299;6,9202299;6,8735700;5,0893202;4,9225898;3,8071101;5,4401202;6,5949001;5,4057398;3,1929600;7,0172701;5,9499102;8,2138205;4,9248600;11,4351997;8,3769598;6,4407401;5,2199302;5,7580400;6,4500198;8,2825499;6,2025299;5,5973001;9,3577900;4,1406498;8,9252901;8,2625399;2,2695401;6,0195899;2,4655099;5,5956001;6,5211201;5,5732899;8,3656702;5,2449698;6,9289198;5,9912100;6,6367998;4,2210002;6,2428899;2,8908401;6,9553800;2,9481201;5,0252099;3,7589600;6,5075998;5,4607801;6,4543500;10,0727997;8,9523001;9,7220097;7,6002402;6,5471201;4,5882001;2,5063200;7,1909199;4,8306398;4,5469599;10,1549997;6,7369599;0,5313170;6,0389900;2,3729601;8,6433496;1,7965800;2,1434000;5,7211800;4,4191198;2,9307599;3,6830599;3,0024800;0,3082780;6,0756202;9,5340004;5,1391101;1,8232501;5,8326302;6,5833702;-4,5995002;-1,5532200;8,2471905;1,3457500;2,9815199;4,9776201;3,8334999;4,6065302;5,9797502;1,7812200;5,1573300;9,0130901;5,8154998;7,0202498;6,4194498;4,7133002;4,9071598;11,2193003;5,6558499;5,5782900;3,5411699;2,8456099;4,2218399;3,1835799;5,8133602;4,4314098;6,0027900;1,2668700;6,7663999;2,6818800;4,9836001;3,5011599;6,1003399;1,9671100;9,2068701;10,7602997;1,2923800;-0,2124160;2,7175500;3,6404600;4,0160599;3,0360899;4,8582201;7,9217701;5,8835101;4,7331700;6,4951501;7,4275498;-2,3094101;7,3320699;5,6868701;7,0814300;2,5250299;6,5976400;3,9613800;9,7580605;5,0773902;6,5987601;3,2296801;-2,8848300;4,9475398;2,2319100;6,6847000;4,9493599;0,3652420;4,5158501;8,3011999;7,1994500;3,2850101;4,8185101;3,8250000;-2,5940900;4,5872502;2,9257700;3,4184101;1,8011400;8,5550499;5,1847301;4,6904898;3,4638700;2,5798600;7,0356898;4,4752898;-0,6547710;5,1795402;2,8366201;6,0993800;3,8002501;9,2299204;5,2403498;5,8704100;4,2734900;5,5527902;7,3063898;6,3416400;3,9980400;5,0893602;6,0161099;4,1994600;6,0426302;2,9427700;5,6743598;6,5743399;3,1422200;4,5903201;4,1581001;5,6368699;3,3934100;4,5355101;13,6953001;3,2191999;2,8105199;2,2160699;9,0538197;7,6232100;6,4155698;5,8953700;4,7486200;4,5036898;2,5525000;7,0546899;6,8361101;6,7261000;5,3728900;6,6902299;5,2901001;7,7158899;3,9392900;5,1222000;2,8909400;-1,0775200;3,3429699;5,8544002;6,4409599;12,0504999;-6,6453300;7,8326001;2,3592999;4,1007800;0,7838900;5,5184302;5,0949202;3,1005700;5,0275998;9,4055300;4,8720198;7,0160198;5,8785501;2,1066401;7,0022001;6,2454200;4,8009501;0,8886140;5,4681101;6,6420698;4,3454299;5,5387201;4,4911900;7,7167201;7,0848198;9,2017298;5,3238702;3,4447899;7,9115701;16,9633007;6,7229300;0,4280070;4,5111899;6,8497601;5,2423401;3,5247099;4,7238402;6,2330098;4,9534302;9,8106298;3,1371901;1,8739600;4,4689999;5,4966998;6,8695202;3,9585099;3,1808100;5,7009602;3,3753901;3,7805500;4,3415098;3,4166000;2,1560800;-1,7581900;6,2399902;6,0210900;8,4413004;7,9624200;4,7284298;5,1820202;6,9808202;5,9802399;8,0923300;6,5005898;5,0235600;10,2465000;4,7223501;4,8287401;1,6300000;4,5461402;6,4072499;5,8682799;7,7529602;3,6951399;6,7197299;7,1235499;4,5523200;8,4841204;4,6623502;9,1101503;8,4691896;3,2235999
3818;60402827;449462,400000000023283;5687311,900000000372529;359,2000122;0,0000000;-0,0675693;-0,9190730;-0,6012900;-3,9621999;1,9254600;-3,4704399;-3,1023700;-0,3924870;-3,0365200;-0,6176330;-2,5385900;-4,4788399;0,0258441;-1,4238300;-4,6359601;-0,9358140;-3,2644601;-2,1428199;-3,3388700;-3,7333000;0,3532000;-8,2840204;-9,4721899;-2,5057600;-3,5051501;-3,0909801;-3,2803400;-1,7872500;-10,5298004;-2,0639000;-1,3772200;0,0801439;-2,6887801;-0,5485720;-2,2258601;-2,6057999;-2,1786799;-1,5843101;0,9426720;-2,8640900;0,1609570;0,0858979;-3,3113101;-1,7016000;-3,0220599;-0,0034308;1,3656700;3,3931501;-1,2565700;-0,2002490;-1,5297800;-0,2465520;0,5079290;-1,1384600;-1,2499700;-1,9048200;-2,5214400;-8,4106398;-3,3548801;-3,1291699;-1,3945400;0,8353830;5,2968702;-12,2111998;-4,0849700;-3,5604401;-2,4570000;-2,8559000;-0,6391050;0,1665060;-3,4196401;-1,9162500;-5,9124298;1,3546700;-3,5052099;-1,1599900;-0,9585270;-4,2218900;-7,2828498;1,4293400;-3,7897100;-2,8653400;-2,0948200;-1,2449000;-3,6806800;2,0616000;-2,2839701;-0,3624610;-0,8864470;1,9514300;-6,5482302;1,3819200;2,0175700;-3,6081600;-3,3962600;-2,3123000;-1,5549800;-4,8160501;-3,4956701;-0,5541830;-3,0403399;-2,4406700;-2,1613200;-2,3727100;0,6713860;-3,0033000;1,2102100;-0,5587230;0,0452063;-1,6512300;-0,9728450;-0,1616680;-1,0756299;4,3276100;1,2576700;-1,9241500;1,0966200;2,6368201;1,0476500;-0,6804860;0,2820440;2,3445499;-0,6131290;0,9670360;-2,3805499;-3,9507899;-3,0365400;0,8650870;-1,1196300;-0,9146930;-3,9341199;-0,5553440;-1,6434000;-1,0985399;-5,0130000;-2,2640800;1,3520600;-1,4662900;0,2177770;1,5306300;-0,9224410;0,5700660;1,3969800;-0,8293410;-1,3831900;1,5431000;-3,1515200;-0,5290660;-1,2961600;-7,1622100;-1,1565000;1,5660700;-0,5229830;0,6639150;-2,6311800;4,4405298;3,9589801;2,3207500;0,0145042;-0,2879740;-0,9324640;-0,2558560;-2,1098399;-0,9486910;0,5371000;1,1966500;-1,4611900;-2,6798401;0,4421590;-1,6512200;0,4609460;-0,3731990;-4,6617899;-1,7947299;-7,0980601;-1,3590600;4,8375902;4,7188401;-3,5459900;-0,2968540;0,6168170;-3,1115899;-1,3881299;-1,7850200;-3,5090599;0,0347633;-4,1975498;-4,0312800;-1,0547000;-1,8878100;0,2288050;-1,3759900;-3,8974900;-2,2674999;1,1990800;0,3544030;-1,4232301;-2,2929299;2,2054100;1,7241800;0,4673780;0,5143300;0,7797480;2,3229799;-1,8662500;-0,3585460;-1,5699800;-1,8333900;-1,3677200;-0,8249690;0,1871730;0,2043500;3,5692699;1,4605300;0,1873200;-1,7163900;-1,3716700;-1,2255400;1,6511500;0,3937790;-2,3782799;-0,7163970;-2,4069700;3,0748899;-0,5838010;0,3152800;-1,5506700;-3,5226400;-2,4926000;-3,6209900;1,0210299;-1,7993500;0,0599658;1,2082800;1,4026700;-0,6292500;-5,2757301;-3,4569499;-1,3298700;-0,7862780;1,4142100;-0,2099400;-0,5321220;-7,5609598;0,4351140;-1,4781600;3,0211101;0,0941536;-0,3013110;-0,7397010;0,1453440;-1,1903900;0,7251100;-0,7221330;-1,5585400;-1,0174500;-0,8927100;0,4820760;-1,0026100;-3,2187901;1,3674901;-0,6029660;-0,7678450;0,9267340;0,5720020;-3,5227900;-1,5630800;-0,6488990;1,1573800;0,5042130;2,1709599;0,5880360;0,8891560;-1,4446501;-3,3057599;3,0573599;-3,0565000;1,0440800;-0,1185090;5,5579100;-2,2463100;3,1571701;-1,8302300;-1,0893700;-0,6545580;-2,0112100;-3,4546399;-1,3041000;-3,6297500;-2,2895701;-3,6386001;-2,8624401;-4,1426802;-0,3674080;1,3854899
3819;60402828;449544,500000000000000;5687332,400000000372529;321,0000000;0,0000000;-0,1217620;-2,9313700;1,0864900;-4,3740001;0,9983670;3,6542499;-1,1747000;-1,6715600;1,8974299;-3,2320299;-2,9043200;-1,8392000;0,0991626;0,0237427;0,3732760;0,9693410;-1,3981600;-1,7333100;-3,7520399;-2,2685599;-0,0647488;-3,5293300;1,7904100;2,5086601;-0,9769650;-0,8568390;-1,0095600;-0,9676280;1,8136600;2,3669701;-1,0415900;0,3958110;-1,7035700;5,5480599;-1,3135300;1,8816400;5,1472001;3,5590000;2,7600200;3,3627901;3,3667400;4,6858201;6,1550999;4,0093799;1,8155100;4,4576502;0,7579850;0,7087660;2,7344799;1,5042400;1,0691600;5,3655801;2,7402699;2,9784901;1,4618800;1,0677000;1,0273600;6,6540098;5,7027798;-2,3503699;-1,4120500;3,0907300;-2,2243299;1,6528100;1,6206300;1,3059700;-0,3731430;1,4213300;0,4730370;-0,0557456;-1,4353499;-1,7788000;-0,2720660;0,2260100;-0,8363940;3,7144499;2,1838300;-11,3936996;0,4046620;6,6214199;2,1325800;-2,5578799;2,1009800;1,1458600;-3,5923700;-0,3502900;8,6045799;-2,3023901;6,8747501;0,8299210;-8,6729803;0,4866220;-3,1944101;2,3069401;-1,1843600;2,1450200;0,7567860;1,3223100;0,2099290;-3,0278800;-1,4820600;-2,2143099;-0,3767580;-1,3353800;3,6993599;1,8046100;0,4020870;-0,6808470;0,0058861;-1,1220300;0,0594692;0,7311240;-0,9340000;-2,2308700;-2,1506500;-2,0039301;-0,8179940;-0,4931470;-2,9788401;-1,8311200;0,5863760;0,0257144;0,2100750;0,2282030;1,0896800;-0,2123490;-1,9915000;-2,9261100;0,9967550;-0,2258570;-3,0314200;-0,1069510;-0,3488360;-2,1294301;-0,5791990;0,6526740;1,5967600;6,1093602;-2,3195100;-1,9980500;-0,7636640;0,2620520;1,4470400;-1,9402500;-1,1833500;-0,4683020;-3,9687300;-6,8697100;-5,5705700;-8,5500097;-6,5288701;-3,7626700;-5,8845401;-7,6214900;-1,8959200;-2,9427800;-4,6091499;-3,9761400;-10,1480999;-5,3264699;-2,9733601;-4,3675199;-5,4366498;-3,3037400;-6,1319799;-6,4228601;-3,3779600;-5,5855598;-5,0131998;-5,1475201;-5,3231201;-3,2780800;-2,6061101;-6,2487202;-3,6724501;-5,0419998;-5,2725701;-6,9268899;-2,2974200;-2,5826099;-5,1176801;-3,6989501;-5,4675202;-2,7054701;-5,2503500;-3,0702400;-2,7306800;-4,0538702;-5,1119099;-4,7922902;-5,4308801;-4,8416500;-4,0717201;-6,0333800;-2,9211900;-2,7663200;-5,9021502;-10,0136995;-0,4733250;-4,2591400;-6,0374298;-6,0802202;8,2845097;-0,8664250;3,2636800;-1,8622400;-4,2510600;-2,5344400;-4,4723101;-2,2471700;-3,3674500;-2,7173700;-4,3515401;-4,1387100;-0,3357650;-6,2744398;-4,0179601;-3,5172200;-6,0722899;-1,9256999;-6,0523000;-10,0539999;-1,3996700;-3,6627901;-6,7671299;-4,5089798;-6,7191601;-5,5858998;-4,4907198;-6,1590800;-8,3710299;-6,8223600;-8,7830296;-7,1897898;-8,9534597;-6,3125901;-6,9774699;-8,0897102;-9,3474398;-4,7982101;-7,7750001;-2,4109700;-2,8760400;-0,6375450;-6,8209500;-13,6077003;-8,0898199;-5,6639600;-5,8032198;-9,3214903;-3,4914501;-2,3106899;-6,6247101;-1,5828000;-4,6567898;-6,4473300;-1,3715500;-3,5218899;-8,3434801;-9,9742699;-13,9841995;-11,0073004;-6,5506701;-8,0364504;-6,7624898;-12,8003998;-17,2385006;-10,1842003;-10,4448996;-15,2040005;-9,1145201;-2,8353901;-3,3843300;-4,4708900;-4,1041999;-4,5572200;-8,7959499;-6,7800999;-5,3293600;-8,7910900;-9,3772097;-12,6176996;-9,4730301;-8,4711304;-6,5127301;-6,8159599;-11,4441004;-11,3481998;-13,7460003;-9,2584200;-4,4746499;-6,8501501;-3,3018301;-2,1260600;-7,1028099
3822;60402928;449418,500000000000000;5687328,700000000186265;372,5000000;0,0000000;-1,6943600;-12,0774002;0,6378710;4,8615799;-1,7409800;5,6699300;0,1834750;-0,5794570;-14,9850998;12,7514000;1,2040600;10,9905005;3,5992801;2,1418400;2,1581399;2,2674000;1,9394300;1,3293500;-1,2204000;-0,7910700;0,8646940;0,7545430;1,3693800;1,2632900;-0,2135850;1,0588000;0,1220500;-1,6691999;0,9319850;1,1355500;1,6885900;2,8785200;5,3830600;4,6636801;4,3116598;0,9201770;2,5568500;3,2661200;2,3188100;1,6523499;1,0445100;4,8283300;2,1117499;1,1168500;3,8152299;1,4170400;3,1935799;1,7749600;2,8173499;3,5831599;0,8519600;3,1721599;0,8624560;3,1980200;2,1150999;4,3105698;1,3727500;-10,6984997;-9,2488699;2,5300200;0,0938625;2,1324301;1,3833400;1,3276100;1,3240401;-0,1961300;3,8821101;1,8475300;3,0440600;0,2364170;1,6923200;3,3527701;0,1278850;1,8033800;1,4551700;3,2169001;2,8324201;0,6869630;-2,6007199;0,1817660;1,9864700;0,8688920;1,9702100;2,5639200;0,7013570;2,9047999;2,4395900;1,9594200;2,6882601;3,6194401;2,8008699;2,9518600;2,3423300;1,3915200;1,3656800;0,8866670;1,4257400;0,9420790;2,2131300;0,7229490;0,7643070;1,7515600;4,2149200;1,9164100;1,8503000;2,1033101;0,6105260;1,1576400;1,8859500;0,5647960;-0,0571346;4,3609200;0,8436820;1,5986100;1,4543101;1,0772600;1,1772900;0,8128450;0,5011430;2,3497100;2,2747400;1,3244801;3,1222401;0,0560136;4,5600700;3,3041501;1,4915500;0,2808380;1,3395900;1,7473201;0,8547610;3,6649799;1,4859200;0,5316220;0,5945130;0,6574070;2,7075801;3,0271201;1,2436000;-0,0182161;0,6706880;1,1710300;0,6457920;1,7813600;2,5374701;1,5446700;3,8292999;3,6253800;2,1249800;-3,3381500;2,5106599;2,3030801;3,0099001;3,1123400;2,9410999;8,6009302;6,8245702;3,9574800;1,3987200;8,5629301;4,3789401;5,5917301;1,5765100;1,7803800;3,0661500;4,4296098;6,5240698;5,2737899;4,3531098;5,8802900;1,7512600;3,8341899;2,8979800;1,4220300;2,4424000;7,6959300;4,3479600;2,0436299;4,4317498;1,3817600;2,8315499;3,5637600;4,5924401;3,6646500;2,3483400;4,3770199;2,8246500;1,9560300;5,0337200;3,9178901;3,2238901;4,2934599;2,7895701;1,4995600;5,6906500;2,0929699;3,0938301;0,3598600;3,6092100;0,1990200;1,3608201;2,3334000;1,1083699;-2,7390599;1,5968500;1,3783700;3,3562901;2,8075500;0,9797600;3,9986501;3,2727499;2,1097400;6,0524998;4,7716498;4,8715200;3,5362401;5,1937799;5,3482399;4,4678998;6,7190399;3,5870099;4,6997299;6,5091000;4,3718801;3,8464999;4,9869699;3,5666299;4,1272402;3,3869500;6,0318098;4,3141298;4,0843601;5,7821898;4,4215598;2,6723299;5,1976500;5,8391900;4,7408700;4,3094301;5,2107601;4,1564698;4,0997901;4,9437199;4,5629301;4,6259499;4,8993001;4,7642498;2,4999800;3,1388700;5,1766701;2,7297499;2,4279399;3,6867099;4,4257998;3,2359400;2,7356200;3,5407500;1,2157201;2,1919100;2,5609200;3,5626099;1,8767900;1,3820200;2,3062501;5,1082301;-0,0044804;2,5769200;6,4585099;5,0989599;4,4464402;6,1139202;6,4960098;5,3873301;4,7028599;5,3603101;-6,1628499;4,1958699;11,2596998;14,6520996;15,8407001;6,4006701;5,7629099;11,6400995;1,8808800;6,7116599;1,8605500;3,9285100;12,7056999;10,2215004;13,2643995;-6,8078198;20,0237999;20,6814003;17,4979992;14,7964001
3823;60402929;449549,200000000011642;5687354,500000000000000;317,7999878;0,0000000;0,6399860;0,4986640;1,6381800;0,9236370;1,2443100;3,2402101;0,1734010;2,0229299;2,6317101;1,0635000;1,4388800;0,8341680;2,0739801;2,2125101;3,5485499;3,4474199;3,4029500;3,4380901;1,6582201;2,3342099;3,7319801;4,7004299;2,2290699;3,0304501;2,9369700;2,5483401;2,5213001;2,4389300;2,2484100;2,3872700;3,6023200;3,1203201;3,0122099;3,8079901;0,5475510;2,3878200;2,2493200;1,8924900;2,8782699;2,9970000;3,3689101;3,8075800;5,7882700;4,4526100;3,0369000;3,5690701;3,6959701;3,7016699;4,5864100;4,9067202;2,8677399;4,4953399;3,6099701;4,4891801;2,4921601;3,0291500;3,3164699;-5,8307199;-6,2012000;7,6870999;3,7181799;2,5636599;3,7186401;3,2351501;4,0407801;4,4147501;4,0980101;3,7077899;2,5362501;2,7109301;2,7679100;4,1410699;3,4424601;2,2996600;2,6484900;3,4477201;3,5353501;3,2713201;-3,3543401;0,6330540;1,5452000;2,3477099;1,5613500;4,0369601;1,7405200;1,1849000;0,8029420;0,2291670;3,3215699;1,6014200;3,0563800;3,5654700;2,9786699;2,6463499;2,3134501;3,6112800;4,4005599;3,9977500;3,6371400;2,9214001;5,6679802;5,0033698;4,0709901;3,1767199;4,9623699;4,1474500;2,9773300;3,6294501;4,7726498;3,6463599;5,0892701;5,9807801;4,8372102;5,7220802;5,3272200;4,6813598;4,9182200;4,8605399;5,0021501;5,1302299;6,1587000;3,6247699;5,8854599;3,5191300;2,0973499;1,1659700;4,9094901;4,3817301;4,3260298;4,1428399;3,7179899;4,3110800;6,1194601;5,0010099;4,1084399;2,8385201;3,7364600;4,0078602;2,9999399;0,5698310;2,6287799;2,4800100;4,9503398;2,8255999;2,7388201;4,1792002;2,0881100;2,2383101;4,0356498;-3,7178800;2,5086601;2,1860800;2,9156201;4,3462400;2,2216899;4,5809102;4,8207798;4,1910300;3,0580800;3,9316499;3,3867500;2,3433101;3,6370101;2,8498600;4,3759599;4,6275802;4,8024302;3,8212399;4,7657700;4,3791399;3,4395800;5,7309599;5,5428600;3,3243401;5,2387300;5,5100698;5,8429198;5,5748301;3,8639100;3,0229700;4,1904202;4,2176199;4,1604099;4,2751398;4,1665101;5,6469302;5,4210100;3,6163199;4,5139198;4,1722202;4,6445999;4,5022101;3,8588800;4,1965199;3,4058499;3,3774400;4,4341998;3,9539499;3,1151800;4,6238198;3,4657300;3,5782299;3,6760299;3,3881199;4,3100200;2,5683000;3,9940400;5,0087600;2,1020601;2,7118101;3,3628700;3,3947599;5,2775402;3,7750900;3,1335001;2,7139001;3,8064301;2,9901600;3,4455800;5,0615602;3,0436201;3,4224200;5,4920502;4,4262900;4,4654498;6,6524301;3,6537001;4,4372001;5,4197798;5,7041602;5,6803699;3,9747300;5,5197201;5,4044199;3,6734900;6,8427401;6,0832500;4,7567601;4,8610201;6,3425899;4,3343000;5,0412998;5,7023902;7,4304800;5,2110500;6,6571698;4,5946202;4,4083500;5,1196799;4,2734098;4,2992101;3,4572001;6,1811399;4,4427500;6,2792702;5,5503302;5,7315698;4,2675099;3,5348799;5,2978601;5,2494302;4,7412801;5,2281499;4,7404699;6,3492298;4,8447700;4,8523302;3,8118401;3,7696900;6,0761900;6,1268902;4,9113898;4,7520199;4,6473999;5,3727498;6,2005100;2,8822601;4,8806901;5,7073898;6,8886700;5,8917799;4,4100699;3,7027900;4,8947601;6,6161799;5,0938201;3,8569200;6,2238598;3,9513299;4,6398602;6,4221902;5,7262998;5,2603002;6,7738299;6,3450499
3831;60403096;449409,599999999976717;5687365,299999999813735;372,2000122;0,0000000;0,0572953;-0,9591810;-0,4649930;-0,9903400;-0,0066948;-0,3599920;0,3990300;2,3886099;0,0684500;2,1783800;1,3319499;-0,5513290;0,4235260;1,9002100;0,4864440;0,6842690;1,0219001;0,9671370;1,1027300;0,6672830;-0,8178190;-0,9514280;1,4030300;1,5088300;-0,5332550;1,7238801;0,4448480;0,4922610;-0,8943600;-0,3874100;2,3348200;3,8370199;2,9209299;3,6825399;-11,7351999;1,7128800;0,3417480;2,0421400;2,0396099;1,3594700;1,8558400;3,7079899;2,5917799;3,8296399;3,2943499;1,4645100;2,6235299;1,0243200;2,0811200;2,3730299;2,3695400;2,3615100;0,5111170;1,4793100;2,8392501;2,0592201;1,5528400;-2,5857799;-0,6855460;-0,7505190;-0,1467200;1,9834501;0,5134190;0,4164840;-0,2909890;-2,8131800;4,8913202;-0,6664950;2,4735100;-0,3697650;2,9759600;2,0465300;-1,5352499;2,0163300;1,5923300;2,8803899;4,2132401;2,2047501;-0,5596360;4,3762498;1,3063400;1,8958600;3,2619700;4,1472902;3,2010500;1,5185200;2,4618900;3,5442300;3,0140901;4,2660699;3,9523399;5,2537198;4,0873299;2,7728500;3,7938099;2,2652600;5,9643602;4,0973201;5,1466498;1,0313100;5,0549698;1,1983300;5,3441200;2,1077499;4,4046898;1,4810500;3,0771401;3,3849399;1,1678300;3,9928501;3,3600600;3,0136099;2,9200301;1,0444400;3,1272199;0,4352940;4,8230901;-2,1643801;0,4879580;-2,9949100;3,4357100;7,0460300;-5,7802901;-8,5780201;5,3378301;0,7127970;-1,9019700;-7,6297898;-2,6882000;2,0778699;-1,7319500;3,6057899;0,0447688;1,9760500;-0,0272236;2,4073701;1,4877400;4,8836298;4,1871800;7,5563798;9,2880497;3,2979500;-0,0233088;2,4296501;4,0237498;3,6585500;4,1361098;4,5715299;3,5346701;-0,4695920;3,9759500;4,7191200;5,0958800;5,0793700;4,6894202;5,4066701;5,8103199;4,9471302;2,5489600;3,6079299;5,0693698;5,3569899;3,5951400;3,1284699;4,0307598;4,9372401;5,0344601;4,0231900;3,1122100;4,1800900;3,3892300;3,5471499;2,0590601;3,9514401;1,7680399;5,8350701;2,5216501;3,2486601;4,9341502;0,8375740;4,5914302;1,4262500;3,6100600;2,6510000;4,9964199;4,3251200;4,5122299;0,9748020;4,3179402;4,0685501;3,7399499;4,1775398;3,6397800;2,0451200;3,5780399;1,7742600;-0,3155950;1,3926600;3,7889700;1,8569700;2,8490901;1,6036800;3,1574500;3,0635900;4,5673599;2,2299500;2,7551200;2,5572000;3,1719899;5,7726202;4,0878301;4,2704101;3,4950900;6,5502901;4,1273799;5,3019199;6,2994599;5,0680299;5,6818600;5,1506000;4,2364602;5,2548199;5,2196002;5,3267798;4,8149300;2,2682400;3,4972000;3,9151599;3,0663300;3,3897200;3,0014701;1,9012100;2,7742901;1,3332200;3,5282900;1,1839100;1,3901200;2,9113300;4,1498399;2,4894500;3,4770701;0,7331840;0,6226290;-0,1577800;3,0319700;1,3958400;3,7118299;2,4047201;2,8390701;1,9016900;1,9235300;2,0938001;4,8775201;4,8649602;0,4548890;2,7131901;2,8927701;3,6446800;3,7792001;3,5857699;3,3162899;4,3149600;3,6106601;4,9910002;6,2506499;4,0490599;1,7499100;1,7207500;1,6004500;1,8762800;3,7385900;3,7715700;2,7876999;2,7905099;1,6052901;7,0667801;9,9185104;12,4190998;0,8565530;9,6923304;21,5464001;22,1264000;11,6343002;19,4750996;22,5347996;21,3174000;16,4759007;14,8778000;-4,5829601;18,2576008;18,2469006;16,4442005;16,7600002;17,7556000;15,7512999
3842;60403239;449400,799999999988358;5687409,000000000000000;372,5000000;0,0000000;-0,6749040;0,5858330;0,8009550;-0,3631480;0,2092150;0,8337940;-1,8001300;1,3444400;0,2548200;-0,0973039;1,4818300;1,5945899;1,9810500;0,7829800;0,6847990;0,7191320;-0,1844880;0,4992630;-0,0992198;1,1264100;0,6831310;-0,5122360;0,6593270;0,4626430;0,3292130;1,3622800;0,8686660;0,5810290;0,2654890;0,2567060;2,2648101;1,3002400;2,5112100;2,1369600;0,9809910;1,7302200;1,4347100;1,8402600;1,7988501;0,5733560;1,0907900;1,0725800;2,0913799;1,8833100;1,0944099;2,0715001;1,3083301;2,6111100;0,9228550;1,3668900;1,8659700;1,3467500;2,3343899;1,7560300;1,6317800;2,3140600;1,0522200;-2,8175199;0,1613760;1,5940700;0,7936080;0,9619740;0,6911370;1,1810499;1,0427600;1,1542200;2,5316601;1,2769001;2,5779500;1,4251100;1,5350100;2,1008501;1,1311100;1,6987700;0,5831980;2,0133600;1,6277100;0,6277070;0,1077210;1,9286500;2,8856201;2,9655399;1,3010900;1,5795300;1,6622300;1,5644300;1,2091500;1,5253700;2,2652099;2,1791899;3,7687700;3,5176699;2,5459099;1,8475500;2,5792601;0,5084860;3,4334500;1,9182301;3,2728701;2,5519300;2,8660500;2,7018299;2,0120101;3,2339101;2,1336000;1,2119200;1,4731600;1,6538301;2,3424900;1,6381900;1,7293800;4,3982401;1,1492800;3,6321101;2,5383601;3,0672700;1,9850700;1,9671000;2,1224301;3,2302301;4,0394902;1,4245400;2,8234401;0,9915590;1,1978000;0,5162010;3,4956300;1,6845900;2,2080200;1,8170500;1,0692600;1,9629200;0,8117590;1,7657000;1,6119300;1,3146200;3,3016100;2,3336301;2,8686600;0,6713980;3,6843801;3,4665401;1,6472800;2,7695200;3,6014400;3,4304900;1,2765200;3,1973300;2,6562500;0,4223470;2,8338699;2,6203499;2,9603901;3,6897299;4,0161700;3,0507500;2,9546001;2,3508799;2,4622200;2,1099601;3,1770301;3,4016199;2,6772499;3,5521300;2,4667799;3,2204101;3,5775900;2,0293100;3,3756700;1,8326401;2,9081600;3,2400000;2,5316401;2,4688301;3,0876300;2,6306801;2,6468599;2,5915101;2,4632001;1,6924500;2,3238299;2,9115200;3,0164299;2,9048600;3,1032200;3,1758399;3,5014701;4,0413499;4,0353398;3,5328400;3,2119601;4,3826098;2,7283001;3,0846801;4,1501999;3,0115700;2,4474599;2,7639301;4,4236302;2,7630601;4,2250299;3,0742099;4,0732398;3,4979999;3,8139601;2,4137700;3,7279100;4,1138501;5,7507901;4,4382601;3,6531301;2,8764601;4,2977400;5,4143901;4,1173301;3,6697800;3,6168301;2,6437700;4,4496899;3,6423199;2,3680899;4,0236001;4,7659898;4,0723801;3,3915300;2,7163000;3,6180501;3,2745800;3,8104899;3,2456999;3,2623401;3,3941300;4,0776000;3,8609500;3,9765301;2,4449201;3,1709199;3,6155000;3,7155199;3,7228401;5,4247499;3,5080299;3,9680600;3,2599001;4,8585100;4,8042598;2,7871301;3,5662899;4,7815499;3,9854901;3,0989101;3,3931701;4,5922298;3,3811400;3,4762001;4,0696001;4,0691099;2,9062200;3,3184700;3,9884801;3,4614799;3,5762801;2,5836999;4,3924699;4,6280098;3,2260101;5,5678201;4,7830100;7,0341001;6,0938802;7,0745902;5,8141699;6,1920900;6,2485800;5,9647498;4,9874902;5,5581799;1,2362800;3,8042901;2,4219301;6,6167402;6,7932501;8,6175604;8,6135197;11,2067003;8,5327997;7,2052398;9,2412701;10,5386000;8,5381603;9,7299700;8,4712496;9,7602596;11,0045996;10,7509003
3843;60403240;449413,299999999988358;5687411,400000000372529;356,8999939;0,0000000;-6,2278500;-2,6385400;-2,7725000;2,9097800;-1,2583899;2,6144700;-2,8354499;3,8467600;-3,0004900;-0,9644270;6,2165799;9,1443100;0,2188680;-1,4102401;14,8687000;5,3324900;-10,3972998;-11,3546000;-1,7220300;-3,3468599;-0,7953360;-2,9833701;-1,9820800;1,4287000;-1,0067800;-0,1002220;-0,8146350;-0,9664550;-5,2524800;-1,6936899;1,8936800;-1,1379499;1,2058700;10,0960999;0,2020340;2,3382699;1,9044501;0,9835800;3,0508001;4,5750699;9,8275499;11,5460997;15,3532000;4,1555099;0,2861460;-0,1878910;6,5579100;6,4102402;7,9664502;4,1987200;9,2245598;1,7827100;-3,4126799;12,0698996;14,5227003;1,1413200;5,0272102;3,5924201;2,5558400;5,1562700;-2,1524301;0,1732440;3,4189899;-3,4348700;-3,2037201;-0,3337090;-3,1620100;2,6312301;1,4173599;1,4947600;4,1707201;1,8582700;-2,6647301;2,0253201;13,3699999;1,9144400;0,3665560;-0,6458080;0,5669880;1,5249500;3,5761499;-1,6736500;0,7548240;2,8921199;1,3362300;-1,9701101;-2,8187499;-4,6595402;-1,6607200;2,7463500;1,1471400;8,4992104;2,2212701;-0,5826180;10,8346996;4,9764900;-1,1919399;2,5984199;6,5442901;6,7831101;2,1107500;0,2962830;1,9574000;2,1289899;0,5392380;-1,3217300;0,2909820;-2,0735900;7,9407301;9,1243896;3,9857600;-0,1915370;2,4698801;3,0423400;-4,5485301;3,0817299;0,8891550;2,2361901;-0,4786280;-0,7132580;2,6415401;-0,3360990;-1,1037000;0,1272880;2,5664001;-6,5157900;2,2373600;3,4256699;3,3715701;8,0844498;-0,6604050;7,3590202;-0,8186830;3,0342700;-3,7013700;2,9804800;7,2265301;5,1328101;3,0387599;-2,4714999;4,3083301;0,1124870;-0,4470040;6,3180499;3,1480000;1,8760200;5,4326601;-0,4191340;7,0218701;-6,4024801;2,7967601;0,2097670;2,9352500;-0,0573676;2,6257100;8,5394497;2,9813001;7,9100800;3,3043399;3,5306399;4,1255798;8,6965399;7,4343901;2,9238999;11,9951000;3,0547600;6,4271598;4,4381800;-0,5610560;9,8877602;-3,3219700;3,2369499;7,5791602;2,4974101;5,9150500;11,4736996;12,8887997;2,6409900;-9,1209402;2,7618001;2,7560201;3,9189100;3,3969100;4,4754300;7,2422299;2,5536699;4,2209702;1,0783800;7,2148399;3,3893299;0,0170228;4,6981602;4,4096498;1,3296100;1,7898500;5,0683198;1,0623800;1,8482800;4,0827799;3,7092299;5,4045801;3,1144600;6,4378200;7,4263301;2,1554301;1,0643899;-1,0768300;2,4437499;7,5480599;3,8986199;1,9313300;-3,8591299;2,4289300;3,9777400;3,3753500;2,7791400;4,4779301;5,3968902;15,1681995;9,2584105;4,0801902;3,5093601;5,5821900;4,5829501;4,1322598;7,4591599;3,5029900;3,6635499;4,2076898;3,7834101;6,7008300;0,9802440;4,3804798;3,1519499;6,3207002;7,4212999;3,4406600;7,7370901;2,7705801;4,6185498;5,4717798;3,3039899;5,8387198;6,4130201;4,4501400;2,5847499;2,3483601;3,7761800;6,9821901;3,9923999;2,9672301;3,9939101;2,0741200;0,8388460;5,3845501;2,2132001;3,2832899;2,2540300;1,4656900;6,4305301;0,3897640;1,1608200;3,5501900;3,7274799;7,5495000;4,6245899;2,6311400;6,8186898;8,4190397;5,5063701;0,4024000;6,4377198;5,3575802;4,7932601;17,8866997;4,8613300;19,6917000;16,9407005;-5,0587301;12,5053997;15,2425003;21,9543991;10,0084000;11,3088999;14,9327002;19,4757996;19,4178009;14,7178001;13,0299997;13,6872997;20,8868999;12,0389004;14,9136000;15,0714998;14,6871996
3860;60403334;449384,799999999988358;5687440,099999999627471;389,2999878;0,0000000;-3,1820800;-16,0561008;-9,2509298;-3,5476999;-4,0610700;-1,8418300;-6,3976202;0,0789704;-3,6255901;-3,7932899;-5,1117601;-4,2157898;-2,2326601;-4,2379599;-2,3834100;-0,4724480;-1,3262600;0,4078950;-2,1491599;-2,9843600;-4,1242299;-0,5214780;-2,1087699;2,7014401;-2,1437299;-1,6154701;5,4388399;-2,0454500;-2,5414100;6,5024700;2,0466499;-7,7796402;-5,1090999;-0,2695640;-3,0893600;0,4982760;-0,5693450;-8,1273899;-0,4405500;1,3459100;-1,6826400;0,7768220;-2,6454999;-3,3910100;-3,3638101;-0,2372020;1,2772200;-2,9873900;-0,6308440;-3,0704300;-4,3030200;-5,5513701;-5,8197498;-1,6097200;-3,2710099;-5,0591502;-3,7416000;-14,9223003;6,1399598;-2,5606401;-0,2185940;-0,0628738;-4,5747099;2,3187201;-1,2336100;-2,7352600;-2,4134800;3,5501101;-1,8543800;2,7058001;-2,0533600;0,5021240;-1,7293299;3,5084801;0,4366510;-1,3908600;-0,9946380;-3,7979901;-5,0815701;-3,6816499;-2,9985199;-4,0399699;2,8707900;-1,5109600;0,6075850;-3,1642900;2,6495399;-2,7997601;-0,8240030;-1,5856100;1,3428700;0,0000988;-2,3601501;0,9237990;-0,8597360;-1,1660200;8,2136297;-2,8485799;3,2945099;1,3716500;-2,1101301;-2,1889801;3,6705301;-0,3583040;8,1971502;-0,6656450;-0,5270780;4,4109802;-1,8203200;-1,3388799;-1,3472600;-0,8797590;-8,1180696;1,2143199;-1,9609700;0,8184840;-1,9369700;-2,3540399;-1,0019600;1,2752900;0,6028780;-2,7424600;4,1558700;1,4326500;-2,6865399;1,9600600;-0,2951700;2,2801900;4,6288800;-0,5373870;-1,4535201;1,2176700;-0,0618278;-0,5675910;-0,2001000;-1,2396100;1,3787800;1,3970100;-4,1148100;-3,1833501;-1,1874700;0,3692610;5,6371298;4,8908401;5,4284902;3,6730599;-0,7834740;-1,1739600;-0,0856673;-3,8765600;-3,2569499;-3,7659400;-4,4794998;5,5568700;-6,3401999;2,6004901;1,5641000;-7,2921801;-0,4461470;1,8780500;-2,2635300;-0,1894480;-2,0505300;0,9349890;-3,0815699;-1,4408900;2,5035801;-5,6571698;-0,2477630;7,5631199;-1,2944601;5,0068302;-5,1126199;-5,4822202;0,7386190;10,2135000;4,9049301;3,1215501;-2,0533600;2,1275401;-1,6125300;2,5383101;1,9423900;3,1782000;-0,4122730;-7,6498899;10,1156998;2,4770000;-1,3256900;0,8011060;5,2093801;2,1604099;-9,0328302;3,2440701;3,3618500;-0,0467359;1,6609700;0,3574480;7,2190099;-0,9705580;0,1989600;-1,3259200;3,4570100;-1,4840300;7,4974599;-2,3077400;12,1793003;13,4568005;-2,7226000;0,6515440;-0,6128370;3,3862901;-1,8724101;-17,1310997;1,0510100;1,1423000;1,5810000;-0,2806020;-12,6594000;2,1837900;1,0378900;-0,6486980;4,1791701;2,2957399;5,9407101;6,5026102;4,4661102;1,7065300;4,8687100;2,8716900;0,6113430;7,9342999;1,6117500;1,7526200;1,7456599;-1,5682499;0,9605800;-3,9401000;2,4622099;2,3251500;5,6614399;-1,2477601;2,1968000;1,4978800;1,3990901;2,0358601;2,7186999;4,7116599;-1,5084100;-7,2841702;-2,5228200;5,2106800;5,2126799;7,3534899;0,4269370;-2,7323501;-3,6023600;2,4750299;-1,1013401;1,7615300;-1,1588500;2,6797500;1,2079300;-2,8271101;5,8926702;-1,0368299;-0,8219410;-3,8276601;0,4275040;-0,3790210;0,7881110;2,8351901;9,0726500;3,0757201;-0,2589150;-3,4096701;7,6914501;9,6372204;6,6517000;-4,0092702;-1,1957600;-1,5320500;-10,7765999;-5,1848698;15,7944002;-4,4817801;-2,7740099;-0,7486490;0,6080850;-8,8812199;-5,5660200;-3,7369399;-4,5058999;2,3462801;2,0328600
3861;60403335;449403,799999999988358;5687443,099999999627471;364,0000000;0,0000000;3,7383299;0,9976830;4,9910202;1,8765200;4,5615301;13,9989996;4,6064301;8,0776396;3,0304101;-3,6680400;1,8882900;5,5629301;1,2782700;2,5336800;12,7082005;16,2019997;6,0308800;9,1471500;1,2131200;-2,6771600;10,9724998;7,8997102;-2,3247600;8,6042805;5,7689500;8,0384798;9,8606596;4,2065802;5,5199299;7,2880502;6,3289299;8,4042501;5,8074002;9,5048199;5,4250998;8,9235296;10,1976995;-0,1135370;12,0571003;6,7428398;8,8670502;1,2516299;13,7195997;10,8508997;5,5810399;3,5975201;5,3473701;7,0065098;3,5895700;0,5812840;7,0005898;9,6476898;1,5327200;10,9510002;21,1252995;3,7877901;1,1561800;15,8645000;9,4631004;13,4862003;3,0583100;7,4857302;12,0340004;12,1483002;9,9057503;12,9356003;16,8512001;11,1949997;-0,2723070;-2,7320600;15,3189001;13,7236996;6,4838800;10,8382998;7,5471501;11,6969995;10,6415997;13,1448002;8,5093298;2,4837301;6,4873300;9,7508001;10,0120001;3,2964900;4,5315499;7,4685302;3,5129299;-1,2131701;7,0316200;8,4629002;7,8288698;14,0688000;12,6183996;7,4958100;7,8751001;9,2693100;4,7103701;8,5966702;9,1725798;10,5250998;11,0502996;8,7755003;10,9593000;10,4988003;8,7921696;10,1346998;5,6701398;11,0187998;12,8397999;8,6345301;10,4181004;13,0256996;9,8268299;9,0258598;8,9582996;8,9082603;9,1620598;9,4129496;8,8000803;10,4084997;11,7737999;9,9089203;8,1985598;8,7402802;6,4614401;6,6069698;9,0273104;11,0799999;8,6685400;13,3479004;10,3066998;16,9074001;11,7921000;9,5242796;11,6646996;9,6418896;10,8752003;11,2830000;9,8444500;8,2800398;12,4492998;9,7275400;12,6632004;9,8643503;10,6191998;5,9359498;7,6065202;9,7740698;9,4121504;4,2130599;7,6529002;2,1162701;9,6516304;7,7416501;11,1261997;11,3273001;3,4418499;9,2355900;4,9548602;8,0246496;10,2823000;9,9445000;10,2053003;6,0669398;11,1093998;11,6549997;12,6042004;14,5702000;8,5791397;9,4940300;10,6686001;10,9455996;12,1190004;9,7624302;7,6725998;11,4336996;9,9069300;10,1413002;11,3523998;8,6268702;8,7149601;10,4991999;9,3447504;9,2809896;5,2495599;13,4927998;11,0190001;10,4751997;8,0629396;9,0661898;9,2569304;9,5169001;9,9728003;8,0960197;11,1640997;11,7472000;8,2002001;11,3626003;10,5235996;7,1932702;11,9750996;10,1139002;19,5338001;14,9519997;9,2697601;8,7133398;9,9046602;7,6289501;12,1260996;12,2156000;10,0375996;12,8962002;14,7012997;14,0323000;7,1022201;11,0046997;8,7508202;11,8961000;11,4829998;12,2447996;9,0934601;10,2463999;9,4944496;11,0249996;12,1817999;11,8740997;11,8642998;11,1065998;11,3120003;10,0957003;11,7677002;13,2489004;12,2121000;8,2332897;13,0005999;12,0286999;12,1784000;11,9860001;13,0365000;11,6431999;12,3563995;11,9521999;7,2607999;13,7706003;9,7770395;11,4036999;11,0482998;7,7924500;7,0629501;0,2123590;5,3702402;13,2299995;8,8502502;11,8575001;9,9489298;12,1064997;-0,8313550;9,3101902;8,7462702;9,5759602;5,8586702;13,7475004;6,4608498;12,6862001;13,5393000;11,4785995;8,4939003;12,9955997;14,0236998;10,4940004;11,1145000;11,5247002;23,1494007;13,9899998;21,9225998;13,7228003;10,7648001;13,9266996;2,6230800;20,1198997;11,8059998;11,0918999;11,6105003;6,8161402;8,7274399;7,3256502;7,2401700;11,3838997;10,3395996;3,7847500;10,5389996;9,6777697;8,8922901;14,1583996;11,4268999
3874;60403371;449393,099999999976717;5687443,299999999813735;371,5000000;0,0000000;-0,5589550;1,1144300;-1,2752700;-0,9659520;0,4660390;1,8459300;-0,6377450;1,7630800;1,0759600;1,0338000;1,1968499;1,6445400;2,8866999;2,4479401;1,5784301;1,3289100;0,9781470;3,0908599;1,6156400;2,0695801;2,0481701;1,9939700;2,2519801;1,6450800;0,9802200;1,6090100;1,3813400;1,3528200;-0,0163548;0,9520390;1,9929700;1,9562500;1,7484699;2,3894000;0,4093540;0,4992210;1,0072500;1,0764101;1,4639500;1,3985000;1,9667799;2,1950500;3,5209601;3,1164300;2,0881200;2,9171700;2,8950100;3,1943800;2,3084900;3,4226501;2,5864401;3,0892401;2,8327999;3,5976200;2,6922400;3,2873700;2,6385801;-7,0909400;-2,8446600;2,7051499;2,1368301;2,4407001;1,9136699;2,1989000;2,6230400;1,6621000;2,0187399;1,2100400;1,8473800;0,5025770;2,1856699;2,0362999;0,5161410;1,6414300;0,5031770;0,4546720;1,8329700;1,1196500;-1,4077700;0,5322980;1,4490600;2,0193200;2,3132401;1,4478400;1,0230600;1,3793499;1,0463400;0,7222010;1,4294200;1,8405600;3,7168500;4,1992002;2,1739199;1,2789900;1,8908900;1,5597000;2,4839499;1,1770800;3,2442100;2,4515300;2,1020501;2,6157300;3,0520899;1,0045100;2,1451900;1,6375300;1,0711100;3,0813200;3,6189201;1,3867400;2,7368100;4,8305998;2,5625801;2,5193601;2,9953401;2,9237001;2,4350200;2,5349100;1,7043500;2,3126299;3,6221900;2,5850201;4,0685701;2,0294099;2,2850599;2,3783901;2,9674699;3,2290201;3,6449201;2,0717700;1,6523200;2,3531201;1,5502000;1,2265800;3,7750700;2,4952300;2,0729599;3,4969900;2,5268500;1,7522200;4,4015498;1,9182301;3,5099199;2,3026600;2,5153501;3,4984300;-0,6295130;2,5224099;2,9318800;-0,1866070;2,0329399;2,3240700;3,1868701;3,0579300;3,4112501;3,9935801;3,4747200;3,0659299;2,1640000;3,9568999;4,1940298;3,9527199;3,5180900;3,0691900;3,8442199;4,8591900;4,4854798;3,5714200;3,7215099;3,7371600;4,3337402;4,9987998;4,2106299;3,2574799;4,0480900;4,7149000;4,1753898;4,5318999;3,6056700;3,3175001;4,1826200;3,5046401;2,8938601;2,6993001;2,2848499;4,2434301;5,3951702;5,3161502;2,7296700;3,4370699;3,4886899;3,3544500;3,5335100;3,1257100;3,8523800;3,5021701;3,3836801;1,3088599;4,6337800;3,3793399;3,2658000;2,4515100;2,9050801;3,1073599;4,5332098;3,4322701;2,3159699;2,4125199;4,6844802;4,6487002;3,5885601;4,0904698;5,8678002;6,8254099;3,5033100;3,9548700;5,0281100;4,5031600;5,0042500;5,9750500;4,1124802;5,3052402;6,1623902;5,3136902;5,4502501;4,8023100;4,7576199;4,7438598;4,6784701;6,2101402;4,8519702;5,1627402;5,8778601;5,0233898;4,6024199;5,3261399;5,2481098;3,5825901;5,6045699;5,4170799;4,6902599;4,2618699;5,5200500;5,6001601;4,4259200;5,2601099;3,3001299;3,9169700;3,7296801;2,5263400;2,2061901;3,6415801;3,8645899;3,3702400;5,4269099;4,3467698;3,0124099;3,6623900;3,2175200;3,4699500;4,3482599;3,2996099;3,3317900;5,2565899;6,0559802;3,4241600;2,9417801;4,4212799;3,7922499;4,2931399;4,7975602;3,7802999;2,2415400;3,0037999;6,7546101;3,0478899;9,9776201;6,2612500;14,9989004;13,8852997;8,4775105;9,4292698;4,6834302;1,8380600;5,8156600;4,0128798;6,5159202;3,3695199;4,0709801;4,0419898;3,4872401;3,0447900;3,3094299;3,3449299;2,8171201
3898;60403463;449386,299999999988358;5687476,200000000186265;370,8999939;0,0000000;0,2650420;3,2647700;0,7843810;-0,7970240;1,9283299;4,3257298;0,5272060;2,5327101;2,5297999;0,6713190;2,1937799;3,1162300;4,1648402;3,4648800;4,5631700;3,0534101;2,0303199;4,5194201;2,7286699;3,0179999;2,0592899;2,1482699;3,1920700;2,8863499;2,0842600;2,7442901;3,7596300;3,9246500;0,6483910;3,1480701;3,2973101;2,5620201;4,4396400;3,7076099;3,9403801;2,0981200;2,6199200;2,5994301;3,4021001;3,7507601;4,7416000;4,2866101;7,9659200;5,8330402;4,7396998;6,0858202;6,2808299;6,3683701;4,9174299;5,3711100;5,4997802;5,9775400;6,3997798;5,5144701;4,6510701;5,2105498;4,3899798;1,9385900;2,3379700;4,2847500;4,2313900;4,1802402;4,4762301;3,5557101;3,9249401;3,0217700;3,0487299;2,4771099;2,5436800;1,5932500;4,2329602;2,9348500;4,7529302;3,1745501;2,0133400;2,2786500;3,9752100;2,6087601;-0,4285270;1,9103000;3,5862601;4,0263801;4,7035599;1,5393500;4,8826900;2,2699101;2,6245601;4,8030000;3,5267799;3,2523999;4,5638800;7,0368700;4,4056702;2,3428299;3,2634799;6,1921701;6,9295201;4,5830598;4,1580000;7,0366302;5,3426299;7,3963099;4,6358500;3,9066801;6,9146500;5,6000700;6,0190101;7,5546899;9,9067497;5,3032799;7,3790202;8,8584499;7,1123700;5,9947500;6,9912000;7,6241498;6,5613098;5,1254201;5,4518900;6,4357500;10,5725002;6,1431198;8,6670599;5,4692302;3,7712300;2,6866701;11,0572996;6,3191700;7,4866800;4,1222801;8,1835299;2,6324501;2,4690399;2,9834399;8,5614901;3,8192201;3,0538399;9,0805798;4,7992601;7,3361802;11,8592997;5,1690402;3,0485499;6,0656400;4,6322098;5,9555202;0,9196050;5,7048602;3,7071199;1,6412100;3,5836899;4,1991701;5,0596700;5,8306499;6,0481400;7,6229901;8,8623800;4,1802602;3,3917501;7,6875701;5,8037000;6,9059100;4,0833001;4,5613699;6,8601899;8,5415602;7,5909400;4,1484799;6,9609799;5,8456702;7,3258400;-2,6268201;14,2208996;3,2575901;0,0941973;-3,0044601;-5,7247500;13,1100998;4,1506901;-1,0325400;-2,9121599;3,0550799;-7,3916998;3,6353199;4,0017900;-0,1273160;0,6931980;-3,6663301;4,2157798;6,6046300;-2,8394899;4,6151800;2,9453800;4,2940898;2,3104100;3,8347600;-0,6077260;2,5315101;5,2628298;3,2145000;4,2874899;3,5153601;5,4330401;4,6047802;4,8789902;4,6000400;2,3611600;6,1534600;6,5479002;6,8104701;4,5373402;5,9095898;5,3109498;7,2723699;4,7882500;3,9449699;4,6262698;2,8883200;4,6322598;4,6809301;3,9610100;4,8241801;6,9187198;5,7246399;4,5243902;4,8773899;4,7827802;5,5750299;5,9471698;4,6835399;5,1480298;4,9986601;5,6740799;4,8535800;5,4229102;4,3577399;5,3473902;5,2104702;6,5936499;4,6006899;6,1270800;3,1585400;3,5602701;3,1336501;5,1993799;5,9720302;3,8440900;4,7894602;5,1360402;2,1005700;3,0965099;5,1724501;2,9124100;4,3187900;5,8505301;6,2776599;4,0622902;4,2592902;2,9101601;5,2489400;3,6398001;3,2499499;4,0301299;6,7592602;7,7354698;5,3068800;4,6934199;5,4130902;5,1488099;6,1135502;7,2399998;7,4713898;6,3292599;5,3708701;4,4457102;8,6330500;5,5169301;8,2693501;4,4109001;0,7430880;4,8475699;3,3536501;3,3509200;8,8695803;9,0310497;7,8680701;6,2108402;7,3185701;8,4096699;6,6066899;7,2858100;7,1784902;6,1587300;7,9089499;7,1592202
3918;60403534;449382,700000000011642;5687500,000000000000000;370,7999878;0,0000000;0,5549210;7,3023200;2,1706901;1,6209400;5,8491802;4,4529300;-4,3966599;1,8112900;1,6626400;-4,0316501;-3,1129301;-2,1137500;0,3545340;-12,7721996;8,7976599;0,9276650;0,2475380;4,5759001;2,3938401;2,2919700;2,9821501;1,3872499;-0,9793960;6,1980901;4,0850902;0,4773490;-0,0152025;0,1522550;0,1580530;-2,9025099;1,4536700;0,8347080;3,8419800;2,7472601;-0,5461960;-1,1402000;0,3644560;-1,1334600;-1,8314300;-2,4452000;-1,6368700;0,4833430;-1,2752600;0,1816640;1,1948400;-4,2643600;-11,9231005;-3,5914800;-12,8864002;-2,7671499;-11,1063004;-8,6903400;-3,6729500;1,1779200;-6,4710598;-2,5218000;2,9402499;-8,6745396;-13,3940001;-8,5422401;-4,0209799;6,4863300;-3,0123501;-1,2200201;-2,9506400;2,3787000;-0,4503340;-0,9269160;-0,4717460;-1,3278400;-0,8370780;-1,0948000;-3,0357201;1,1639600;0,1051240;1,4269600;8,0321398;-7,7616701;-3,3429301;0,5513600;3,5471101;0,9370610;-5,2681599;0,4778290;1,0898600;0,6586170;0,2801710;-13,5172997;0,0882902;-0,4561300;0,0692673;-6,6733098;0,8131900;-2,3252201;-2,0147099;-5,7975602;-2,6551099;-0,2405150;0,6523060;0,2152650;1,2042500;-0,0485201;1,2393301;1,8129500;0,3886950;0,5839630;-0,6080730;1,3686399;3,6705799;1,5395200;3,6808200;5,4397702;3,7697799;4,2874599;2,3979299;3,9715900;1,5497600;2,1129100;3,2362101;3,4065399;4,7131000;2,3678200;5,6395001;2,3774500;1,4844900;1,0656199;3,9836500;3,0500801;3,4851699;2,4614601;0,4504130;1,3411100;-4,9149098;3,6032100;-9,4815798;2,6001101;-2,2842600;-3,1763101;-1,5519900;-12,0291004;-4,4994998;-3,2768800;-3,6085300;0,9827690;-0,3166050;-1,5699000;-4,6663899;2,9987500;2,9204500;-5,5643501;-1,8743300;-1,4266300;1,0812000;2,7324901;0,5650280;-0,7490280;-4,8321199;-2,2417200;-0,2706950;-0,4110330;1,0186400;0,9140880;-1,0908400;-2,2357500;-2,8293700;-3,6269000;-3,5088301;-1,1254500;-0,8818240;-0,0477352;-2,7705901;-0,7401600;-3,3566301;1,6947401;-3,5810201;-1,6802100;-6,0991702;-3,9483800;1,2145700;-0,6126370;-1,4128500;-0,4135390;-0,5728730;-0,9713700;4,0671201;0,3642380;0,4634470;-0,6829910;4,7111802;8,6178398;0,4868990;5,3287501;-2,0706401;-3,3197601;0,1323200;-0,3286190;-0,2949900;0,8823580;-2,8487401;2,5584700;4,3330998;-0,4023830;2,3677399;0,8388100;1,9264500;3,3924601;0,7016550;2,8710001;6,6134501;4,3326802;1,4638799;4,0011101;3,0638299;3,8906600;5,8252501;3,1206300;2,6902299;0,7547690;3,0928500;4,6329098;2,8239601;5,3373399;4,2944899;2,8506200;4,1228800;5,2237601;3,0966799;1,0172400;2,9764299;6,6581602;2,9969599;7,4780302;6,8377399;6,9046698;2,6031401;7,6867499;4,4042902;3,8286901;4,7765999;6,8181801;10,7494001;2,3450100;1,8705300;3,5000601;2,6754601;1,5326400;5,5451398;1,5815200;2,8956699;3,3944499;2,8987100;4,4946198;2,3074200;-0,2641010;12,3381004;-0,3156390;-0,2022510;1,7650000;3,0218999;1,4115800;2,2598600;1,3450100;2,1990600;2,1236601;-2,3809199;1,4561700;-2,4347200;0,1700960;2,7648799;1,9074000;0,6429920;0,3096390;2,0456200;9,9178400;5,9298100;-5,5813298;14,3641996;16,8728008;3,6483500;9,9347696;12,9167004;0,1704580;1,7863801;-1,5295000;11,9112997;6,4015002;16,3022995;-6,4784999;18,9841003;-8,2015495;-2,0154300;3,8243101;15,8009996;16,6530991;12,2890997