OBJECTID;PS_ID;X;Y;Z;date_20150404;date_20150416;date_20150428;date_20150510;date_20150522;date_20150603;date_20150615;date_20150627;date_20150802;date_20150814;date_20150826;date_20150907;date_20151013;date_20151106;date_20151118;date_20151130;date_20151212;date_20151224;date_20160117;date_20160129;date_20160210;date_20160305;date_20160317;date_20160329;date_20160410;date_20160422;date_20160504;date_20160516;date_20160528;date_20160609;date_20160715;date_20160727;date_20160808;date_20160901;date_20160913;date_20160925;date_20161001;date_20161007;date_20161013;date_20161019;date_20161025;date_20161031;date_20161106;date_20161112;date_20161118;date_20161124;date_20161130;date_20161206;date_20161212;date_20161218;date_20161224;date_20161230;date_20170105;date_20170111;date_20170117;date_20170123;date_20170129;date_20170204;date_20170210;date_20170216;date_20170222;date_20170228;date_20170306;date_20170312;date_20170318;date_20170324;date_20170330;date_20170405;date_20170411;date_20170417;date_20170423;date_20170429;date_20170505;date_20170511;date_20170517;date_20170523;date_20170529;date_20170604;date_20170610;date_20170616;date_20170622;date_20170628;date_20170704;date_20170710;date_20170716;date_20170722;date_20170728;date_20170803;date_20170809;date_20170815;date_20170821;date_20170827;date_20170902;date_20170908;date_20170914;date_20170920;date_20170926;date_20171002;date_20171008;date_20171014;date_20171026;date_20171101;date_20171107;date_20171113;date_20171119;date_20171125;date_20171201;date_20171207;date_20171213;date_20171219;date_20171225;date_20171231;date_20180106;date_20180112;date_20180118;date_20180124;date_20180130;date_20180205;date_20180211;date_20180217;date_20180223;date_20180301;date_20180307;date_20180313;date_20180319;date_20180325;date_20180331;date_20180406;date_20180412;date_20180424;date_20180430;date_20180506;date_20180512;date_20180518;date_20180524;date_20180530;date_20180605;date_20180611;date_20180617;date_20180623;date_20180705;date_20180711;date_20180717;date_20180723;date_20180729;date_20180804;date_20180810;date_20180816;date_20180822;date_20180828;date_20180903;date_20180909;date_20180915;date_20180921;date_20180927;date_20181003;date_20181009;date_20181015;date_20181021;date_20181027;date_20181102;date_20181108;date_20181114;date_20181120;date_20181126;date_20181202;date_20181208;date_20181214;date_20181220;date_20181226;date_20190101;date_20190107;date_20190113;date_20190119;date_20190125;date_20190131;date_20190206;date_20190218;date_20190224;date_20190302;date_20190308;date_20190314;date_20190320;date_20190326;date_20190401;date_20190407;date_20190413;date_20190419;date_20190501;date_20190507;date_20190513;date_20190519;date_20190525;date_20190531;date_20190606;date_20190612;date_20190618;date_20190630;date_20190706;date_20190712;date_20190718;date_20190724;date_20190730;date_20190805;date_20190811;date_20190817;date_20190829;date_20190904;date_20190910;date_20190916;date_20190922;date_20190928;date_20191004;date_20191010;date_20191016;date_20191028;date_20191103;date_20191109;date_20191115;date_20191121;date_20191127;date_20191203;date_20191209;date_20191215;date_20191227;date_20200102;date_20200108;date_20200114;date_20200120;date_20200126;date_20200201;date_20200207;date_20200213;date_20200225;date_20200302;date_20200308;date_20200314;date_20200320;date_20200326;date_20200401;date_20200407;date_20200413;date_20200425;date_20200501;date_20200507;date_20200513;date_20200519;date_20200525;date_20200531;date_20200606;date_20200612;date_20200624;date_20200630;date_20200706;date_20200712;date_20200718;date_20200724;date_20200730;date_20200805;date_20200811;date_20200817;date_20200823;date_20200829;date_20200904;date_20200910;date_20200916;date_20200922;date_20200928;date_20201004;date_20201010;date_20201022;date_20201028;date_20201103;date_20201109;date_20201115;date_20201121;date_20201127;date_20201203;date_20201209;date_20201215;date_20201221;date_20201227
827437;9826953;449414,799999999988358;5687153,500000000000000;377,2999878;0,0000000;-2,2671800;-1,1135401;-5,0850601;0,7603980;-2,2101500;-2,5583601;-2,6763501;-1,6182400;-0,2396660;0,5201580;0,1038250;-2,3103499;-1,8573600;-0,5350530;-3,5469201;-4,1593399;-4,1648998;-5,7860098;-4,2089100;-4,1461301;-3,4306700;-4,5968499;0,0476811;-0,9279110;-5,1168499;0,5113220;-6,5293999;-2,9890001;-0,0833950;-2,4564300;0,6812850;-2,6197901;-5,6095200;-1,8073400;-1,5078100;-4,2876501;-3,5458701;-3,2899001;-3,5983601;-3,1768100;-3,5505099;-2,6882300;-2,6230099;-3,8292999;-2,4589300;-0,7666010;-5,4585500;-2,6400101;-2,6816499;-4,4508600;-3,7885699;-5,5864201;-3,8211801;-5,8832998;-7,9453001;-4,1092701;-3,9513299;-1,7229700;-2,0179999;-2,9204299;-3,6757100;-1,2750400;-2,8979399;-3,1658001;-0,8572780;-1,5193599;-1,4424300;-2,1776500;-2,5158300;-2,9450901;-2,5339200;-1,5748301;-1,3351099;0,1978380;-4,7873402;-1,7137800;-1,5554700;-3,7737601;0,0526903;0,2637030;-3,6754000;-2,0320599;-2,2881200;-3,3074601;3,3661599;0,5930590;-1,5890400;-2,0781300;2,3455501;0,1531590;0,4000780;-0,2054720;-3,4378700;-4,5078301;-0,6854340;1,2658900;-2,5844700;-0,7759650;-0,1252470;2,1199000;1,8979300;0,7306020;-0,4373890;0,1419230;-2,0523701;-1,4651999;-2,1627901;-0,3461340;-2,3034201;-3,2620001;-3,5717800;-2,2334700;-0,9757270;-1,7948500;-1,7281600;-1,2538600;-3,6727600;-6,7994399;-3,5138600;-4,8741498;-1,9132800;-1,0426300;-3,2253799;-2,5404999;-2,5907099;-1,8260800;-3,2549100;-0,2264960;-2,4284301;-0,9186620;3,6590900;-4,3345699;5,3435702;-2,1446400;-4,6257901;0,1511040;-0,6551610;-1,6887600;0,2996290;-0,7357250;-5,2810402;-2,1868200;-0,5262430;-5,4548898;-0,8252920;-2,8357999;-1,9349800;-3,0736499;-2,1518900;-0,9615520;-2,1907001;-2,7521100;-2,0841999;-0,8098630;-1,1220000;-2,3213100;-0,5770800;-1,7290601;-2,5240200;-1,1144600;-2,6008601;-2,3101499;-3,0905800;-2,3799901;0,4864230;-0,3659120;-2,6909499;-2,5101700;-3,9338200;-0,6211880;-3,7746201;-4,5236602;-1,5214800;-1,3589100;-3,8761599;-0,7845700;-0,9362130;-2,0050600;-3,5225000;-4,9518399;-3,5706601;-4,5503898;-5,4275298;-3,9811599;3,0836699;-1,0248100;0,9939360;-3,2488401;-1,8059700;-2,1485600;5,3237100;4,1441202;3,3017099;4,1501698;-3,4169500;1,4707100;-9,8673601;-4,8164501;-1,3259799;3,2518001;3,2925899;1,0685101;2,0705700;0,3581830;2,7293301;-1,6901700;-3,0053101;0,2638340;-2,8104999;-0,3033360;-2,5771501;-1,0915300;-2,0100801;-2,6486900;-0,0717292;-3,1331000;-1,7729900;-2,4597099;-0,4967170;-3,8760900;-1,1146100;-1,0665600;-2,4673400;-0,0496926;-5,0756602;-0,9438990;0,9375940;0,9076640;-1,7822300;-4,3288898;-0,2494260;-1,4684700;0,1679770;3,5056100;2,6499300;-0,4048780;6,2212801;-5,1670899;-7,5176101;1,0284801;2,5099900;-2,1364300;-3,4588799;-3,4560800;-4,1267500;-4,4487700;-4,2640500;-0,8392040;-2,8794501;-2,9775000;-0,9700290;-4,5694199;-2,2034199;-2,9044700;-3,4134600;-3,5577400;-1,4523300;0,0118244;-3,5148599;-1,4684000;-9,2945805;1,5526600;-3,1003101;-5,0484500;-2,0536900;-6,5842199;-2,5812600;2,8192999;-2,4178600;-5,0711799;-4,8230000;-5,7253599;-1,7879000;-3,5566900;-1,5212500;-2,4883201;-1,0774800;-0,3377450;-2,7579000;-1,6147400;-4,7128100
827438;9826954;449413,099999999976717;5687155,799999999813735;370,2000122;0,0000000;7,1023698;5,3488598;8,7139902;7,2463398;-3,0277700;6,8554001;8,0433998;7,0120001;8,8827105;7,9857798;7,3982000;6,6218400;8,6543703;9,3194399;7,9519801;8,6640997;8,3513603;4,1420298;8,0567102;7,3145099;6,2626100;-1,6802300;1,1970299;3,8429101;-2,8364899;2,5275300;7,5785599;18,7310009;12,7531996;7,1264801;7,3346300;6,8715801;6,2759199;6,8497200;6,9984899;6,6894302;7,3165798;7,0832701;7,7698202;6,2452698;7,3647299;7,1448498;7,1125898;6,3777099;6,4138098;7,4796400;6,3020401;7,6774902;6,8050199;6,7056599;7,3926301;7,4673600;8,6700201;17,8428993;12,4833002;6,3279901;5,9277101;7,1819901;8,2829599;8,0454302;6,3083601;6,6180501;5,6020699;5,5197601;6,7144399;6,6037002;7,1554098;6,6474299;6,4890499;6,3761501;7,7456698;6,6283498;8,9557104;7,0722098;6,5380301;7,5237398;7,2462902;5,5925598;7,5093298;8,9100904;7,0072699;7,6080599;8,7906799;6,3077898;9,8995705;6,7813601;6,9452300;4,2847199;9,8027496;9,2908497;6,8427701;7,9358001;7,0812998;9,4091597;8,2262602;9,2074900;8,0805998;7,7939301;7,8088598;9,7698097;7,8010101;8,6673098;8,4029198;12,1536999;7,9662600;8,3514404;8,1871500;8,3237696;8,2919798;7,5057402;6,6380000;7,2604699;7,4937601;8,1876497;7,6768198;8,1995296;7,7512298;7,9439201;4,6134801;5,3175302;5,8945899;7,5421600;7,5172000;4,8263898;-3,9002500;15,1177998;10,7669001;4,5602398;14,2053003;-4,7198000;6,1971798;15,0455999;9,8593597;13,3233004;8,3216000;9,6388197;9,3085299;9,3881998;7,0685000;7,3716502;6,9498801;9,4799299;10,2124996;6,6466498;9,8521500;9,1336098;11,0036001;10,1535997;9,5926504;9,3339500;10,5179005;8,5764999;9,2789297;10,1134996;8,8165398;9,2156696;9,4107599;9,4576397;8,6254101;8,8317699;10,5497999;8,8266897;9,4363403;8,7670898;6,8818998;9,2144403;8,8821402;9,6740999;8,9953403;9,4764204;8,2194004;8,3085098;8,3666296;7,9565902;6,2502999;7,1372800;9,0827198;15,6077995;17,0671997;11,0682001;14,0795002;12,0804996;7,8837700;15,8163004;8,7876301;-2,7414899;5,3482599;9,7451200;-1,6687500;21,0326996;7,3960900;6,1753502;6,8303299;9,4074001;0,4273440;5,1171799;12,4645996;8,9377499;7,8857002;9,3516502;10,2385998;11,4427004;10,2224998;11,2917004;10,5431004;10,6697998;10,1587000;10,7420998;7,5483298;7,7395101;9,1507301;7,8429599;8,3195000;9,5369997;9,9660797;9,0244102;9,3822498;9,7869396;8,6615496;11,0778999;9,2312202;8,8896198;9,9799099;9,1169004;8,3163605;8,6644897;8,6327896;9,4820900;8,3386297;6,6895599;9,1281404;8,8153296;16,2220993;10,9651003;17,6609001;22,1420994;6,2565398;14,4055004;11,4609003;-1,6408100;1,7105600;22,0216999;9,7806301;10,5827999;9,4046097;10,2609997;8,4685802;12,3417997;11,6311998;11,6505003;10,2575998;12,7598000;10,6562996;9,7955503;9,5962000;11,4551001;10,1793003;11,8058004;9,2116003;11,8599997;10,7531004;12,3045998;10,9513998;8,9019499;9,7419701;9,9563599;10,4504004;10,0255003;7,4761500;12,0653000;11,8037996;21,1131992;9,1449099;10,0404997;7,7427101;9,6523104;9,9736004;10,6817999;10,8887997;9,9778700;11,5303001
827669;9827341;449460,200000000011642;5687202,900000000372529;377,0000000;0,0000000;-1,9058100;-3,1961701;11,8753004;-0,3842830;-0,5548300;6,4065099;6,4754801;2,6949201;20,1392002;10,4830999;5,6731300;3,8665099;5,3288002;5,8787599;2,7208700;3,4739399;2,7901199;0,4722740;2,5615399;0,6918090;3,6251700;4,9159002;3,2758999;3,1437700;1,5693001;6,3931098;-1,2057199;1,7539901;7,2990499;8,2530298;5,0447001;3,7146201;6,4922600;5,4202299;7,4797802;8,3391399;5,4992499;10,4596004;7,0256500;7,2680001;9,0792599;7,6423898;7,6027298;4,2579198;5,1518898;8,4629402;5,0817599;5,6541600;6,9944100;6,1024299;6,3439999;6,8569698;2,9009900;-1,6594599;16,7782993;-5,8568702;2,9530301;6,4953499;7,5050802;2,4281900;3,3403399;3,7000699;4,3727298;0,9638250;4,1177402;2,7781000;4,1987500;4,9761200;1,9965500;5,1519799;5,6467700;7,1102099;-2,9783299;-2,3762000;-3,4601200;3,9941700;5,5989499;2,1222200;1,1317199;4,0023398;5,1538200;3,5921800;1,2838500;2,2873700;6,0611501;2,1359701;1,3181200;2,5864301;7,6397400;3,4764299;3,5407500;2,9505701;5,0907602;5,7796898;2,8286700;4,4180799;4,0310998;4,5319800;2,7725301;7,2166600;6,7066898;4,5025702;3,2354300;6,4455600;4,1569901;5,3126602;5,3196602;6,5597100;7,2479901;5,8389301;3,3334601;3,3871200;3,3797700;6,2869401;3,8724201;5,9701200;3,6115501;6,8857398;4,6378498;8,0873098;7,3837099;5,7834201;6,2231798;5,8025498;4,0224600;5,7032399;1,5889500;4,8316302;-0,2754950;3,2012999;3,4072101;1,2945700;3,8524101;0,1055800;3,5813200;1,9244200;3,3484800;-0,7482460;-0,4318250;-0,5179530;3,9900601;6,9312901;9,4413605;4,8711500;5,1993399;3,1022000;10,0021000;6,8404102;4,0190601;8,5470104;5,9043999;4,4024501;5,7265801;6,8097601;3,9725101;5,0940800;6,4213600;8,1207304;6,4609399;7,6511598;8,2784996;4,6087298;2,6969399;1,6440200;11,9626999;7,3052001;-0,0828228;1,1129100;-0,3491520;3,9860699;8,6567802;3,6315801;5,5057502;6,7025499;-4,8310499;6,7312999;6,1347699;5,7519798;4,8701100;5,9766898;6,0751901;3,1830900;2,8273599;4,1262798;2,4929299;3,0463200;3,4350300;2,8284299;2,0724800;4,6588898;0,6664710;6,8753901;6,2536602;5,4873900;2,9441199;6,3497400;4,4254098;4,9750099;3,9582200;4,1931801;6,7804899;3,4860699;3,8947401;4,5435300;9,3753500;3,3419900;6,5793600;6,6371198;-5,4529099;7,2232599;-6,8770499;-3,8252101;1,6620300;-5,5872302;3,4201000;-6,0240302;-5,4972200;-6,3111601;-7,9101901;-9,9811897;-5,6558199;-9,7593403;-4,7257600;0,8087530;0,1100590;-2,9972501;-2,3859301;-0,1166460;1,6476600;-2,6724000;-0,5194040;-4,2829700;1,2365100;-0,0979075;2,1618900;1,9864500;2,6733301;2,2557199;3,3658700;3,0486901;2,6327200;1,8584599;-0,9899700;4,7628398;1,8106700;4,4149899;7,1718798;4,6101298;0,5801550;-21,4433994;0,6712240;4,5832200;-3,0894699;6,5579700;3,6360700;3,0445900;4,0662699;7,2905202;4,9837499;-12,1653004;14,9426003;3,1028500;6,8418298;10,2941999;-5,0508699;-2,6485300;-6,7545600;-3,6733401;-9,0043602;-10,2657003;-1,8262300;12,8867998;-8,9100199;13,0481997;9,8288097;-8,1119604;-10,8219004;-11,1204004;-10,2535000;13,3268003;-10,5384998
827720;9827418;449506,799999999988358;5687224,500000000000000;358,2000122;0,0000000;-0,6653220;0,0581799;0,9029660;2,9220200;0,7844450;1,5657099;0,4226480;1,2330300;1,2151000;0,2792200;2,7748201;-0,0624884;1,4626000;1,3407300;-0,5578550;1,8711300;-0,1593620;-11,3220997;-0,3593020;0,2802520;0,3202430;-1,7844900;1,7561500;-2,5877900;-3,8563099;0,6091020;-1,4461499;-6,1225400;4,8340702;-4,3220000;-2,3084199;-3,1680100;1,1129600;1,0808500;-0,8284720;0,7143990;-0,0029272;-1,8305300;1,2364399;2,7824099;0,7793170;0,7545860;0,0939503;0,3264280;-0,6952770;-0,9356380;3,6707201;2,0009601;1,7527200;1,5594000;0,7945450;0,4296370;3,7908001;7,5925698;3,8767800;-12,1218996;-0,5301720;0,9483400;3,0817001;3,5525100;0,4902830;1,4863501;-0,0786616;1,7599601;1,8867500;1,6494000;-0,5165380;-2,6671200;2,1935501;2,1535900;-0,3326780;1,7155000;2,9351499;1,7824100;-2,4571700;-0,8243820;-0,7918380;-1,9523000;-1,3984600;2,3644900;0,5961180;6,0282502;1,0083300;0,3660500;2,1667700;2,2408900;1,1213000;-0,0065260;3,2932999;0,4653920;-0,2641420;-1,3106500;0,5001540;2,2590001;0,9949340;1,9789400;0,7235800;0,8766470;0,2038840;4,9042902;3,2303400;0,8130660;2,4433601;3,5533500;2,0994999;-0,6410450;1,2734100;2,2811899;0,4985030;-2,9768400;0,3737140;-0,2409150;1,3929600;1,2490000;0,3072390;-1,6381700;1,2539001;12,4692001;14,6723003;12,2691002;14,6392002;0,5557830;1,4392600;0,4757780;0,3913160;1,9377300;-1,4907300;2,2511499;1,4686600;2,0345800;1,6119500;2,8436699;0,1378610;-1,9834000;0,0650936;0,5778770;0,2442740;3,4349799;-1,6165900;5,0625401;2,1821899;2,9575400;1,3229800;-0,6184280;1,9937600;2,3991899;-1,0112500;-1,5619500;1,8140399;3,4273500;-0,0094640;-0,9046850;1,2471900;1,0017000;1,1893700;0,9698940;2,0439799;1,2341200;2,7970700;3,1044199;0,8629350;0,9556380;0,4966330;0,4543190;3,9110401;2,5838399;1,3437099;3,2736101;1,9673800;2,1570599;2,4690101;2,5528100;2,2595601;5,7334800;-6,7963099;4,7797899;1,9471500;1,0811400;2,2214701;2,6440301;1,7890300;0,4690820;2,3370299;0,9737490;2,1752801;3,5495000;0,9515670;0,7034280;2,8166299;3,3598299;3,5257001;-0,1818890;0,1068190;4,5597301;3,5029099;2,2581401;2,3799400;2,4183600;1,1526600;2,3089600;2,8945501;2,6072600;1,6179700;2,8030601;2,0722401;3,6780801;2,0427699;1,2972400;3,9502101;2,6186399;4,1005702;3,4330101;2,2312400;4,8676400;4,3225002;4,8321700;4,1076999;1,8831000;3,6147799;3,4958799;3,7712801;3,8615799;2,8786800;1,8054301;0,5539990;3,4665699;2,8250599;2,8521600;2,9562399;3,5755799;4,9614401;2,3700500;2,4580700;2,7239399;2,3108101;0,9328030;2,6808801;-1,3451200;-0,0611587;1,6190701;-0,4475230;0,9629250;4,0804300;1,8378600;1,6143000;2,2943900;3,2196500;5,0815301;5,2806401;1,4446800;1,9955800;2,5341699;4,2159500;2,6138501;1,7547300;2,6533101;1,8283700;3,5670500;0,8891070;3,5319600;4,4022102;6,7532601;3,8336999;2,4407899;2,1697500;4,5644002;1,1714600;2,7879701;4,4814301;4,5578699;4,1602602;4,7801700;4,7773399;4,3425798;4,1114001;3,1005499;5,1684999;4,7311101;5,4184899;4,3985701;5,0808802
827916;9827740;449447,799999999988358;5687239,900000000372529;376,8999939;0,0000000;-1,8244200;0,1985680;-1,1392000;-1,3376200;-1,7483500;-1,5925500;-0,2883770;-0,1207200;0,4075630;0,5522240;2,1549001;-0,2518170;0,8253310;2,5545399;1,7953000;1,9888400;1,5219500;-1,5643899;0,8136830;1,0233200;1,1281199;-0,8979980;2,0682800;0,8763950;-1,9769700;1,2095900;-1,9566500;-1,8269300;1,9745300;-0,7599390;-0,2663450;-0,3206520;-0,6773250;0,4703410;1,6605600;-0,5771990;-2,0196199;-0,4389560;-1,5543600;-0,1127670;0,0804901;0,9783090;0,6808960;-0,2907340;0,1680420;1,3664900;1,2344700;0,6114600;0,9086130;-0,4044980;1,3810101;1,1348701;-0,1274730;0,4042060;-3,7199099;-2,1421399;-1,2953700;-1,4780200;0,5233910;-1,5129000;-2,1420901;-0,9410690;-2,1311600;-2,6877501;-0,0917468;-0,0775857;0,5251700;0,3742610;-0,8426730;-0,1341680;-0,7029440;-0,5816290;1,0591800;-0,0249398;-0,2481010;-0,5408000;-0,5023060;-0,1882790;-0,8918380;3,0420401;-3,9246800;0,8435820;-0,0282073;0,3252240;-0,0110865;4,3788099;-1,5221900;-0,4117970;1,9997600;1,6555001;0,0441489;-0,8364310;-0,7915510;0,1399620;-0,3611080;1,2230400;0,0348339;0,3683490;1,3320301;3,5174999;0,6750130;0,3676840;0,8750890;2,3500700;0,4631640;-0,5948100;-0,2245980;0,5810900;-0,0222087;-0,5607820;-1,3961200;-1,2469600;-0,2489180;-0,1563940;-0,4753410;-0,3513560;-0,0300705;1,1955700;1,6169300;-0,8205450;-0,0730720;1,4689900;0,5014140;-0,0606663;-1,0122700;-0,4727320;-1,1737400;1,8684400;0,4922270;0,2999020;1,7689700;-0,0332012;0,6085270;-3,1299701;0,1386640;0,3707940;0,7652030;1,1484900;-0,4805240;0,0572069;0,2035450;1,4216200;0,9166390;-0,6640880;1,1524800;2,3577299;0,6893510;0,3251770;0,9433480;2,0906401;1,7823700;2,6912301;2,3256700;3,0502999;2,5833600;1,3797500;2,5541999;2,2234900;1,7386400;2,9884901;2,1915300;2,4463601;2,2644501;2,6037099;2,0164800;2,3012199;1,8772399;2,9216700;2,4887800;1,8226200;2,0777900;0,8157790;2,7388201;4,3767099;2,7154500;3,7854099;2,9835999;2,2238500;1,8434200;2,2685699;1,4773099;1,2548300;1,6760800;1,8059200;0,9071440;2,3811600;0,5250100;-0,8770060;1,4972700;-0,2609420;1,8678900;0,1619520;-0,2571330;1,2255700;-0,5449900;0,0139387;0,1888260;1,1804600;-0,2835540;0,4989960;0,4783530;1,9692700;1,7345001;1,6299500;3,8524101;3,6772201;3,1906800;4,6636600;2,3525901;4,2757902;2,4059701;2,3835199;-0,8972190;0,3095970;1,2098200;1,4357400;1,1181099;0,0363958;1,7985899;1,1330000;3,0101900;1,0871500;3,0419099;4,0439100;3,0714900;3,1391101;1,1318700;2,9456999;2,1845701;3,0092800;2,3254800;1,6044400;1,6829500;1,3635300;0,5960800;0,5808550;1,6922200;0,4646100;0,5098540;0,8787140;1,1488400;-0,7033060;0,9253490;-0,3638410;1,7424300;0,1012260;2,4176099;1,9972900;1,8672400;2,8782899;-1,3181900;2,2988100;0,4959790;1,9184600;2,8914700;0,7710880;-0,0139847;2,7317100;2,8640900;3,1413000;6,7298498;5,9176898;3,0137200;3,8687301;8,9690199;-0,9798660;6,4507198;-1,6771300;-4,5562201;-7,8532500;-7,6998601;-5,5143499;-10,0176001;-5,2599401;6,0797601;7,1310201;7,4244099;7,2365198;3,9044299;4,5462198;0,8039720
828296;9828355;449435,599999999976717;5687287,700000000186265;377,2000122;0,0000000;-2,8803699;0,7216720;-2,9197400;-2,2861300;-2,8577001;-3,4326401;0,1952430;-0,6183910;-2,5775199;-1,7633500;-1,4410300;-3,0444200;-2,5941000;-0,4709130;-1,8064300;-2,0169401;-1,4704200;-2,0896101;-0,7124740;-3,0928600;-2,2093401;-2,0222900;0,2444510;-1,8215300;-1,5830300;-0,4041240;-1,0065200;-5,0490699;-0,7204300;-3,4065800;-0,4352720;-1,6454700;-1,4376900;0,6291370;-0,9051460;-3,8950400;-5,0387502;-1,7120200;-2,5330300;-3,8806200;1,4090199;-3,0614500;-3,6814101;-4,3717799;-4,3990102;-3,0016699;-3,1487999;-3,6006501;-3,4024000;-4,1761198;2,0017900;0,1437760;-4,3923001;-12,9790001;-13,4385996;-2,2871201;-4,4562998;-0,9028070;0,1690720;-2,5477300;-3,0259399;-2,9409101;-0,8324990;-4,0530500;-0,3766200;-4,0444002;-3,8543200;-4,0022502;-3,0378900;-2,0162499;-2,6299100;-2,4667699;-1,8828300;-1,0916800;-2,9222400;-3,5454299;-0,8345380;-0,7631350;-0,4440840;10,3519001;8,7761297;4,6616001;3,9286001;3,2835801;2,2208700;-0,2503160;-2,4931700;-1,4442400;0,4426190;-0,2349500;-0,6016370;-2,9752300;2,0860901;0,2502190;-0,8379830;0,5006920;0,5652000;-0,1949540;3,0069599;3,5874000;0,5237220;-0,2728220;0,2071500;0,8290830;-0,0162799;-1,3803700;-0,6913870;0,5259890;-0,3592530;-2,0365901;-3,4573600;-4,1738100;-1,7709700;-2,1659300;0,1134600;-4,1443601;-2,7182600;-0,4031860;-3,2516301;-3,9048600;-0,6324570;0,7152450;-1,5008399;-2,2008400;-2,3710101;-1,8700200;-2,2086301;-1,1910599;-2,5824001;-2,0774300;-0,6311620;-4,0800800;-1,4254800;-6,3212399;-1,3412400;0,5535300;0,7848690;1,5796900;0,0237686;1,1257600;0,4381300;2,9342301;1,8664200;-2,3501201;-0,0598551;-0,2768820;-1,0090801;-1,4890000;0,9016750;2,0971200;-0,8580190;-0,6359900;-0,2953600;1,0151300;0,6972340;0,4617770;0,5987540;-0,7356470;0,4466080;0,2717320;-0,0632170;-0,5420510;-0,0256953;-0,6057810;0,0036955;0,0343998;-0,1692510;0,2184410;-0,3093830;0,1206510;-1,1012100;-0,8450510;-0,2126060;-0,3885330;-0,9162520;1,0392200;-1,1278600;-1,4639500;-0,3839330;-1,2019500;-1,0942301;-2,6845000;-1,2616800;0,6604080;-1,7962101;0,1193070;0,0797434;2,5330200;-0,9745890;8,0133896;-0,6058240;2,5740299;1,4317200;-0,5198630;-3,1275101;-0,2603880;-0,9696110;-1,5020800;-2,7823300;1,3576400;2,1282201;1,9681799;1,6576600;1,5328400;-0,6661010;0,5595020;2,0144601;-0,6897260;1,2094300;1,8017100;2,5157299;-0,5192270;-0,4377240;0,0667429;0,4400370;0,9405360;0,5822240;-0,5933180;-0,1915700;-0,2905760;0,2130730;0,5798690;-0,5384610;-0,3648080;0,1207920;0,5800760;-0,8607440;0,1968400;-0,9982490;0,3188380;-1,0140100;-0,3507130;-0,7177140;-0,7099880;-1,3482100;-0,8220380;1,2995900;0,3727330;0,5743650;-0,1782840;-2,3336899;-1,7908400;-0,4050230;1,3982400;-1,3973401;-2,1326201;-2,6616800;0,5469380;-0,4021720;-1,1700000;-0,1365860;-1,5602400;0,1667340;-1,2145400;1,5312400;-2,1225100;-2,9786999;-1,7120000;1,1595401;1,2526799;2,8089399;2,9591200;3,1578600;4,0520501;9,1752005;2,1014400;1,2381500;-0,3898870;-0,0092368;3,0406201;-2,4305899;0,0300463;1,6744900;12,9687004;10,0558996;10,5893002;11,7143002;10,9600000;5,9576702;12,4237003;10,0951004
828297;9828356;449565,200000000011642;5687311,000000000000000;320,2999878;0,0000000;-0,1073060;-4,9232402;-1,9521700;-4,5342698;-1,2575200;-6,3337402;-4,1615100;-5,2666101;-5,2585502;-4,3330998;-3,6911099;-3,3789301;-4,2526898;-3,5786099;-2,1849301;-5,2723198;-2,5980101;-7,0710101;0,8448750;-2,0990601;-2,7288799;-2,0246601;-1,1510000;-2,9052501;-2,2299800;-0,1450030;-3,1552601;-3,6542499;-2,1532300;-2,2391200;-3,1430900;-1,7420400;-0,5563700;-1,0609200;-0,1161310;-2,2255900;-4,0818501;-1,5904500;-3,0274401;-0,1403380;-5,1214199;5,1958799;-4,3384199;-2,0082500;-0,2860800;-0,1912840;-2,4686899;-2,5860000;-3,0793800;-2,2153001;-2,5141900;0,2798180;-17,8328991;-12,6618004;-3,6655800;-2,4205699;-14,5925999;3,5213201;-2,0486701;-2,2479999;-5,0748901;-2,8727500;-0,3460470;-7,2539902;-0,6044550;-1,2368000;-0,8628560;-2,9967799;-9,0212002;0,7606040;-3,4851000;0,0310183;-2,1228199;-1,1097800;1,0071501;-3,0034800;-8,3231297;1,3999300;0,2868110;5,4028201;-1,9317700;0,6116220;-3,2790101;-0,3486480;1,3115100;0,1951350;8,6392403;-4,0639801;-5,7863498;-2,6722801;7,1756601;0,6193990;-4,9886999;-1,4783400;-3,4528501;-5,0796299;-0,7980890;-3,2124500;-0,0483475;5,1535602;1,0126200;0,5871210;-3,5516901;-1,5732800;-5,4032402;-1,6716800;-4,9313002;-6,6118698;-9,8039799;-3,4350500;-6,9163399;-7,9303298;-8,4808702;-15,0777998;-7,4175401;-5,3763299;-1,7195500;-4,9085302;-0,7161120;-1,5130000;-3,8688500;6,7286401;1,7994100;2,5263600;3,2376101;-1,3683701;-1,2724700;-2,4073901;-4,1339798;0,3566370;1,8593800;0,8119730;0,3073130;-6,1965399;-1,6495200;0,1262910;-6,5272498;1,5378900;-3,1564901;2,3121300;-0,3685480;-2,2729101;1,4884700;3,4022501;0,1209490;-0,3927070;5,7081099;8,0395498;8,0669498;12,5878000;12,5431995;9,5423098;7,5562201;12,0774002;8,8195696;11,8941002;9,2446404;9,9324903;11,0881004;-3,2222300;-3,3848901;-3,5794499;-2,5380299;-2,9514899;-7,8987899;-3,0394101;0,0281305;1,1538399;-1,7285399;-3,7836399;-0,7269610;-3,5850699;-1,5500900;-2,8353000;3,8864200;0,9132090;3,8596399;-0,1567970;-2,5514901;-3,7439201;-3,0215199;1,0062300;-3,4442201;3,3957601;1,5362500;0,2084300;3,6395800;2,8615501;0,6294760;0,8647900;-0,0545592;1,9189700;-1,5213100;10,0974998;-2,3294101;0,4609630;-4,7752099;-0,9091420;-4,9250498;0,2008420;-2,8016701;0,2544790;-3,8413899;-1,3976200;-0,0316830;3,8460200;2,3703899;5,1562700;-0,0543666;1,0548100;0,6559000;11,5361004;-2,6896601;-4,2176299;0,9638190;-1,2200600;-2,3673401;-3,2855899;-2,7986901;-1,0333700;-2,8171401;-3,0568500;-6,1490598;-2,0290401;-2,9594200;-3,4282300;0,4374900;-2,1378400;-1,0006700;-2,5733700;-0,4343540;-3,9872701;-0,1609460;-0,5690530;-0,8670390;-1,6939800;-0,0435371;-0,2418860;-2,5976501;-3,1859300;-3,1937499;-0,9961950;0,6216900;-1,2179101;-1,7080500;-0,6816990;1,8196900;1,1441000;3,2529700;0,9915970;-1,0487700;3,3526399;-2,2779701;-0,9190170;-1,8765399;-3,3079901;-2,8840001;-1,9421800;-0,4024140;-2,1114800;-2,2038100;-1,3530999;-1,3361300;-1,0136400;1,0937300;1,3844000;-0,9796280;-0,3680410;-0,9656460;-3,8207800;0,9742450;2,6051300;-0,8059650;1,6797800;0,2042680;0,7699000;2,8558600;-3,0207500;-2,9910901;-4,7951002;0,1454160
828375;9828482;449449,700000000011642;5687304,400000000372529;371,6000061;0,0000000;-2,0228100;-1,2118599;0,6005070;2,6107800;-0,8166770;-0,4970720;-0,1117760;0,0978016;-0,5794460;1,4053700;1,3776200;-2,7282801;-2,1656001;-1,5749800;0,3580160;0,4468480;-0,3934800;-13,7424002;-1,7526799;-2,3605800;1,3867300;0,1278250;-0,4785370;0,0805487;-0,8685880;0,4715930;0,1330280;-1,1072400;1,8686000;-1,1640500;-1,3444200;2,4236300;0,7302580;2,7094300;-0,5421130;-0,5938480;-0,8153040;-0,7574270;-3,1588500;3,6457801;0,9782640;0,5679770;2,3106899;-2,0108299;2,5196600;2,5240800;-1,3977700;2,3654900;2,3216000;-1,6192400;0,4845790;-0,8580990;0,1536550;5,5664802;7,3212299;12,1204004;1,4197000;0,4636460;3,9598601;-3,0944700;-3,9153900;-0,0286114;-1,1710401;-2,2667899;-0,0342223;0,2085110;1,3091800;-0,7793140;-2,8445499;-1,8608201;0,3100510;-0,7196160;0,4875510;0,8289120;-1,1065500;-1,4432300;0,7864810;2,6979799;-0,6058270;4,9010000;-3,2271600;1,4383600;-1,4413100;1,0167100;3,7171199;0,3657190;1,1004900;2,9312301;9,8884802;2,8103001;-0,3508420;1,2961900;-2,5731201;-0,0185184;3,4877300;2,7494500;2,5102799;0,5526330;0,6630190;4,9432402;-3,2695999;6,2656398;-0,6838190;-4,8881001;-2,0964899;1,4020900;-1,4144900;4,0001998;0,1971270;2,8399000;3,0741100;2,3535600;1,3457500;-1,1618201;-0,9793550;3,4809501;-3,7825799;2,3880701;-0,3401070;-1,8690701;-3,3419399;-5,2135000;-0,8996980;-1,1192400;-3,3140099;-6,7049098;-1,3124000;-3,0789700;-1,7781500;-1,6958200;-1,2902600;0,0823492;2,7006900;0,1028660;2,5638101;1,3402400;1,5867100;0,7648050;0,7161090;1,9448200;-1,7104700;2,2217801;0,0105482;-1,1304600;1,2940400;0,2821020;1,3252900;2,7574699;-1,2973200;-0,2550200;-2,0138099;-0,6593720;0,3828020;-1,6214499;-0,5472960;0,1792430;1,7533400;-2,0108600;0,5088620;2,4444900;1,4522300;1,1088300;0,3474270;-1,7556000;1,3995399;-0,3988800;2,3853600;-1,0196300;-1,2001899;5,2504101;-2,7619901;-6,0601101;-3,1389101;-0,4414950;9,8819399;1,7574600;-0,8475600;-1,6771899;2,0072999;0,2593000;-3,5956600;-2,2129400;-5,0478702;1,8741300;-0,9732500;-0,1832150;4,3514299;0,3499960;0,2812380;1,9451801;0,1154940;-0,1140570;-4,3501301;5,4661498;0,7160260;1,0850101;0,4366370;1,2278200;-5,7183700;3,1090801;4,3866100;2,6500800;1,2544399;-0,5804480;4,1341300;2,9370100;0,2460350;0,1617730;3,0240300;-1,8949800;5,5823302;3,0172501;0,8951830;-0,6829590;2,3220100;2,1406400;-0,9553010;2,9187200;-1,0489200;-1,6619400;0,8111090;-2,1514599;-4,1776500;1,0796601;1,2807300;1,1714700;0,6478500;0,1058460;-1,7748500;-2,6140201;-0,3069170;-1,7576100;1,2532600;1,0790200;-2,6125801;-0,1242380;2,8589599;-0,9094990;-0,0140535;-2,2737601;-1,0078300;3,8557401;2,5335400;-12,1759005;2,5829101;1,7076100;-2,2632999;2,4166400;-0,3134600;1,7952400;1,8635100;3,8375800;-1,2535200;3,0027699;2,1942301;3,3543000;2,8443301;-0,3367390;3,8207600;3,4323201;0,7092370;3,6312900;3,1026900;-0,5038640;4,2312398;0,2934610;3,1868501;-0,2642460;3,0364900;1,7212000;-1,0976599;2,1454301;2,0094800;1,3512000;2,4726901;2,4984300;1,3641599;1,9641401;-0,6801460;-0,3462190;-1,9169800
828376;9828483;449460,599999999976717;5687305,500000000000000;369,3999939;0,0000000;-2,1019001;-1,1557200;0,1280960;0,9928120;0,1425920;-0,6758280;-1,2028500;0,9914230;3,3030500;1,4430600;0,7275180;0,1174230;1,1001900;0,3312580;1,9601500;-3,0480499;0,3471080;-10,2227001;0,1906380;2,1127601;-1,0834399;0,2220840;-1,3181500;-1,6273400;-1,0307200;1,0114000;-2,0998399;-1,4123300;2,7889700;-1,1903400;-0,9944110;-1,1814801;1,7207600;5,5711598;0,6921400;2,8948200;-0,8961800;2,6005399;2,3339400;1,9263800;0,5630430;2,6861300;0,5181460;1,8885300;1,8578500;0,3276440;-0,5196500;3,2176399;2,4978499;0,6693610;0,0000105;-1,6862100;-0,4899430;10,4212999;7,0173702;-3,6738601;-2,3081400;-0,7057350;-0,0001397;-1,5693500;-0,1737430;1,1838000;-2,6765599;-1,1766900;-6,5448799;1,1463799;-1,4245300;0,3841250;-0,9069590;-1,6997800;1,4236799;0,7411720;-1,2301900;0,3654170;-1,1286600;-2,4471600;2,9645801;-0,7330320;1,0742199;3,9976499;-3,7099500;0,8977690;-2,1599200;1,3244700;3,4537101;1,4270101;-2,2091999;-1,1817501;2,0718999;2,9804699;2,1736500;0,0297656;-0,8726130;1,7954201;3,5735700;1,8457400;-0,7008370;-0,4510360;1,2881500;0,9336490;-0,3817600;3,0674901;1,1419100;-2,8379900;-2,3245900;2,1573601;-1,0325600;1,1193900;1,2886200;-3,1199801;-0,7007700;-0,7945310;-1,6399400;-2,0247099;1,4553100;-0,4694700;-0,0128694;1,1461400;1,6721500;-0,2727290;0,7542510;0,4980310;-1,6995200;0,2622920;-1,4810600;-0,6361970;-2,6880100;-3,2744601;-3,5531001;-2,2953100;1,9596800;0,4033860;-3,2138500;-3,1463101;-0,0284500;-0,3991230;0,2005520;0,4020170;-0,8552370;-1,8087000;-1,1181200;3,3863499;-3,2617099;-3,1061800;0,8538590;0,4558820;1,4477500;-1,2352999;2,8620999;0,7029820;0,3932920;-0,3647520;5,7078800;1,7988100;2,0630400;0,2243480;2,2254200;1,9233500;1,7526700;4,9934602;0,3398910;1,9015400;2,1127999;0,5511950;-0,8004540;1,8584599;3,9832001;0,7201570;4,0200100;1,0963399;-0,4011000;1,2447100;-2,0677800;-2,2541399;2,8504701;1,8796400;1,3308200;-0,6758540;-0,5350830;1,9416699;-0,3612870;0,3138620;0,2318540;1,6571701;-0,7080550;1,7108001;-2,7295599;-0,3900480;1,5591900;0,4952490;-0,2779720;-0,6409110;-2,5830300;1,2092800;-0,1073620;-0,5318900;-0,1901630;-0,8739160;-0,7098470;0,0157032;1,1401401;-0,2041830;-0,3892770;1,8709000;2,9994700;3,9061601;-0,2475530;0,6282580;2,9042301;2,6764100;2,4397299;2,5625801;0,5180400;1,4103000;2,4073300;2,3478401;2,4812100;1,5755100;0,7599740;0,3727250;1,7493401;1,1097701;1,9318300;1,4806800;1,3762701;1,1566700;-0,9668960;0,3023250;0,2788650;-0,7304590;-1,2054800;0,1934720;1,8650200;1,3650301;-1,2730600;0,6184080;0,7537110;0,6059640;0,2642160;-1,0886199;-0,0979118;-3,9360800;1,4259900;-0,3850770;0,6083180;-0,6678420;-4,2140002;2,5731900;0,2622650;1,9236400;-3,6545701;0,0969310;2,1072600;3,2230999;0,4395250;4,2695899;0,4685120;-1,8190200;1,3958900;1,7264600;-2,0165100;4,5379100;1,9997801;1,6653500;3,5217800;1,3119600;3,2597599;0,6872480;1,8996201;2,1661799;0,3915230;2,1110499;1,3127000;1,1728899;-2,4735601;1,4207799;2,3785000;0,6352350;-1,2715900;-1,0769800;-7,7312899
828377;9828484;449492,299999999988358;5687312,599999999627471;356,7000122;0,0000000;8,3761501;12,0745001;11,7701998;7,2660599;10,0332003;9,9678497;7,7465601;6,9607401;1,9545500;9,0720196;3,1838000;6,6789398;10,3894997;11,4591999;10,6732998;6,9209800;7,8964500;3,7735500;10,5883999;-3,0313301;12,3202000;5,2895598;5,9464998;12,1068001;9,3879700;10,2315998;3,5305400;6,4219699;14,8114996;9,3567200;10,2332001;10,6083002;5,4583001;7,9203100;2,8247199;-2,8429301;15,8951998;3,8331499;9,8485403;4,2892699;9,6680899;11,4000998;6,7128100;8,4735699;7,9251499;6,7131600;4,7208200;9,1083498;11,7219000;8,2218199;9,6452703;7,3056302;1,9661400;15,8034000;8,4842901;11,8753996;-3,7218499;5,9170699;4,2443700;12,3976002;11,7537003;8,1977301;6,1569700;5,5100398;10,1990995;6,3736401;7,8310399;6,3146801;0,1036940;2,6492200;2,6738200;8,2074203;16,1380005;9,5806704;7,6566000;14,9975004;12,5479002;7,7613502;4,4322801;11,6995001;-5,3152599;6,5847201;13,1378002;5,1903200;11,2061005;9,5332603;8,4898701;4,7212400;-0,9993200;-3,2113299;6,2232800;9,0138302;7,4942098;11,7335997;5,9061198;8,0942097;9,4456997;3,2221999;2,6330299;20,7663002;10,6004000;5,4972701;12,1615000;21,1788998;-6,2175999;12,6569004;5,8972702;12,6225004;7,9990802;9,2493496;3,8310001;7,2097702;-4,2350502;5,2191000;6,4241700;8,2252903;10,8146000;6,9432201;9,8980799;9,2775297;8,8448801;4,2767501;-5,5568199;9,8819199;8,5515003;9,1359100;5,1345201;6,4823899;8,0155897;13,1646996;3,0485499;8,3147202;5,2621999;-4,2476201;4,7736502;19,1063995;10,3719997;11,0920000;9,0712795;5,0352001;8,2758904;8,6099796;8,7728996;6,1146698;11,4989996;8,9825401;1,3432500;8,2510204;7,1569300;4,2007599;-2,0012000;9,9581699;11,9672003;11,4157000;10,8079004;8,0085096;9,9777899;3,7405100;7,6163702;10,9657001;5,1849298;5,5443702;7,8515601;5,3919902;15,5753002;11,7944002;6,1578898;9,3827105;10,1848001;11,3759003;9,4963799;9,7842598;6,5463500;8,7464895;6,6616602;6,3373599;7,1803999;8,8154001;6,7768202;7,8176198;6,1830001;10,6547003;9,6478205;7,8696299;9,5867100;6,5292101;10,8249998;0,0417080;9,4342403;4,8501101;7,9374399;8,7091398;10,7658997;8,8942204;18,0277004;20,0188007;13,3474998;6,9663601;-1,0031900;8,2966404;9,5593500;9,0466604;9,2591000;9,0461998;6,3076401;9,2715197;7,0201201;6,8904300;21,6630993;7,4048600;14,8534002;12,9981003;11,4726000;5,4641099;11,4865999;-0,3522270;14,5486002;-2,2947700;8,6621904;6,2223301;-3,2757599;16,6879005;11,3532000;5,3481102;12,7711000;11,9083996;10,7580004;11,9684000;10,9689999;9,9565001;9,5921202;4,7497501;1,5940400;9,1888103;17,2120991;7,4172502;7,0464902;4,8707099;9,9938898;4,6596599;6,6290698;18,3491993;10,0655003;9,6406498;4,9203701;1,0757000;9,3153200;12,5663004;9,4083405;2,0929899;7,1145101;11,6604004;1,8884300;13,7261000;11,7160997;5,1994901;5,0642700;5,1296902;5,5667400;5,4955502;14,1791000;14,9272003;6,5053501;-2,8453400;15,8078003;10,6765003;9,4396296;12,7681999;13,4118004;16,3733997;12,3851004;9,4769001;12,8189001;12,6691999;10,3959999;9,5829296;15,3351002;12,4264002;11,9874001;13,9719000;10,2264004
828460;9828607;449470,500000000000000;5687315,099999999627471;368,1000061;0,0000000;4,0269899;-1,0470800;2,3556001;3,5191100;3,4092600;7,9410501;1,5844100;1,6878600;2,2973900;3,6080301;5,3977599;-1,2009000;12,6562996;5,5391598;12,3952999;2,0064399;2,6734200;15,4166002;2,9966400;3,4105000;-1,4124100;0,6503130;7,6332998;2,5434401;4,0952501;3,1479700;1,4283600;5,2486701;8,2774000;3,2690799;4,0515099;3,5153699;1,2556900;7,6416001;0,8993670;5,4496198;3,8352599;5,8060198;7,8850899;0,6918920;7,1689100;5,5440898;5,1157799;2,5457799;5,3717799;4,2753801;2,6358399;0,6430180;2,3914101;-0,8633530;2,1504400;3,2617500;-0,1271680;11,0072002;2,9062300;-0,5466100;4,6259799;5,9833999;6,2913098;13,1093998;-3,7742000;2,1897700;2,8806400;7,5956101;5,3602700;0,8811820;5,3588300;4,6080599;4,0762100;6,2420702;8,9238796;7,0687399;2,5106001;7,6839099;1,3354599;2,4419999;6,4138498;0,1443520;0,5210740;8,4345798;1,4326000;0,9852170;2,4630699;4,8954101;2,3712201;2,0039501;1,3781600;4,4549999;5,8328900;4,2373800;5,9306798;8,5632601;3,7088699;2,3336101;5,3750801;2,7079501;8,7012100;7,1785798;2,8569200;5,1232600;4,5428700;6,6971402;2,6471300;1,3818099;4,1282201;6,8530402;2,3977399;3,6373999;4,1427999;5,2330198;5,1571398;0,0835724;4,5426698;0,3204800;7,7506199;3,3921499;-7,2197099;6,5016098;5,9357300;4,4125900;2,9483099;6,1430101;1,6216300;4,5663700;3,7559500;-3,0357499;2,5337901;3,5115600;2,6985800;2,5258400;3,5692201;-0,7255560;0,4119680;0,8124590;2,6083400;0,9381440;-0,0356483;2,6109400;-0,5184450;-0,3588260;4,8153400;3,6622500;11,0868998;7,3662400;3,5330701;2,7205300;9,6079597;3,4469900;0,0989013;7,9397101;5,1994700;10,6199999;5,6958699;5,6356802;5,4031301;2,6449900;2,9139600;1,9617800;9,8964500;5,0133600;4,9108400;3,9646800;1,9543600;3,8249700;17,4633999;3,2047501;6,3664298;5,7673802;10,7950001;8,7827902;8,0857096;-0,2015520;5,6497998;1,7790500;7,9744902;5,6288099;12,0459003;3,1599600;2,4455700;5,3171101;1,4825200;5,3264599;5,9614801;3,7911000;5,2964101;5,5983100;3,4811699;4,8352900;2,1438401;2,1355901;1,8879300;3,5933499;-0,0558252;2,5209301;-0,4434350;-2,0508499;1,2508000;4,5454102;1,4303499;4,0996599;3,5634501;3,3362899;5,0679698;4,2181501;6,3609200;5,9508100;8,1813297;4,0993800;1,6253700;2,5592799;10,5745001;3,9310501;0,8539040;-2,7060499;3,9508500;1,7859200;2,3924601;5,2251501;-1,0468100;11,5087996;16,3111000;9,1765499;3,7990799;1,2899300;2,7466099;5,0915699;12,3719997;4,8158598;2,7509301;0,4176530;5,4882102;-4,0022302;5,1411800;2,3166499;1,4865201;1,8410100;3,0045900;-3,0082901;1,0698500;4,5722198;-4,9650302;2,4039099;3,0008500;3,7107899;1,6908500;0,7884880;4,3713498;3,1258900;0,2742250;6,9822001;2,4389100;-0,7867640;8,9413099;6,1797199;3,2677200;6,2789302;5,0358701;3,3036900;6,0340500;3,5643101;5,4661498;-6,7976499;6,6675701;0,4518060;4,0647001;3,3428500;1,1228000;3,0184801;6,3469000;0,4250560;6,7519498;15,9645004;7,4970498;6,7748799;8,3850603;0,7234180;13,0883999;6,9836402;1,3704700;4,9415498;7,4429302
828461;9828608;449537,200000000011642;5687326,299999999813735;332,7999878;0,0000000;-1,9102100;-4,9577899;-5,7357798;-3,5171101;-8,9858904;-9,3279896;-6,8886199;-3,0961599;-9,0097599;-5,8370399;-9,4650497;-7,3506498;3,0423601;-11,4797001;-3,2367899;0,5010530;-5,2595201;-9,1933203;1,4734100;-7,2823400;-6,0662098;-6,0954900;-1,8524801;-6,7397699;-6,2196202;-6,6103101;-9,0672598;-13,2987003;-2,6806901;-7,9240799;-5,5158100;-6,0026698;-9,1443300;-2,1299300;-3,4375801;-0,6959080;-5,2091599;-0,2562360;-6,2657499;-6,7470899;-4,4759698;-3,5625000;-4,5072098;-5,4813900;-1,0949600;-2,4193101;-9,5330801;-7,3712802;-6,6199002;-4,5921001;-7,7157202;-3,1981399;-4,7607198;7,9262300;5,7960401;-9,4682503;-7,0655899;-5,2409701;-2,2572401;-15,4635000;-10,9420004;-8,1089497;-6,5145402;-6,3985200;-10,2528000;-4,0469999;-4,7810001;-9,5345898;-3,9958601;-10,3176003;-6,8618798;-5,6954098;-2,0311999;-2,9012401;-0,6325340;-15,1224003;-5,4085302;-0,0962086;-7,5033698;-0,8054510;-16,2847004;-13,8411999;-4,0283198;-6,2244301;-1,5019200;-4,4540601;-8,2471199;-7,4225798;-2,3297601;-4,5820198;-7,5440302;-7,0258598;-8,6201401;-7,8243198;-10,0099001;-9,9685402;-7,4709001;-3,9959600;-4,4325299;-1,0214601;-3,7448001;-3,1797400;-2,9240999;-2,5292900;-4,9301901;-9,8287802;-8,9329300;-5,5314999;-4,4361601;-10,9801998;-6,2414999;0,5017210;-0,5822040;-6,6411300;-3,5008800;1,5292701;-5,2648201;-6,4656501;-3,6502600;-4,1926799;-5,1188502;-7,5882301;-5,1428900;-7,5202599;-0,7545520;0,3597050;-3,3189700;-6,3486300;-11,5298004;-4,3498802;-3,0457201;-2,3989000;-3,8213699;-15,3830996;-12,6153002;-5,8663001;-4,7704601;-5,5654602;-18,8498993;-8,9761696;-5,6472602;-1,7864701;-2,4397199;4,9957500;-0,8573920;-1,0328900;-2,5642200;-4,4732900;-5,0269599;-5,4423299;-7,5551801;-4,2287898;-8,9910202;-5,3155799;-6,4316702;-1,1237700;-6,0213199;-8,9089098;-11,2566004;-5,1443901;-1,5386400;-2,2619700;-6,9277902;-6,4597802;-4,7150202;-1,6773601;-4,4219198;-5,4879398;-5,9853902;-5,4249601;-9,8948402;-4,5101500;-7,7638602;-6,7512898;-0,0083790;-2,6917801;-6,0652699;-5,7345500;-6,5565300;-7,4461598;-7,4689598;-5,8830099;-5,1671801;-7,1933999;5,4546800;-5,5200300;-3,5951900;-3,1863799;-3,0355301;-2,5452900;-7,4882798;0,0160427;-14,0992002;-1,8068100;-7,9524798;-5,3981800;-10,0932999;-3,4252801;-7,7421398;-3,5468900;-6,7329302;-6,8271599;-7,5084100;-9,3398504;-2,5597200;-10,5706997;-6,8029799;-5,3316302;-4,9189401;-1,7071000;-2,7632599;8,1292896;7,4692202;0,3387340;-2,9390299;-1,2682700;-1,0482800;-1,8781000;-2,5418501;-3,9843500;-1,3414500;-4,2200799;-2,1786201;-4,3397799;-4,5079699;-4,3739400;-2,2119601;-4,5122199;-7,9740901;-7,6888099;-0,2993260;-2,0766499;-3,7266300;-3,3257999;-3,7180099;-3,6590400;-1,4155200;-6,2410798;-5,8800302;-0,5067620;-5,8105202;-9,1570597;-7,1618199;-3,6899400;-4,9739699;-4,2249799;-7,3527799;-6,7740798;-6,0106401;-8,0240602;-8,4899302;-6,7527800;-4,9152999;-2,5011499;-6,5461202;-6,6699800;-3,0791299;-6,2240801;-1,8688999;-5,0070000;-10,3780003;-3,0936201;-6,8842001;-2,1291499;-1,7800400;-1,8622600;-1,1255300;-4,5046701;-1,9355299;-0,4380330;-2,8081100;-1,9447900;-3,9423299;-1,3839300;-3,2126100;-2,3546300;-2,2912099;-5,2254901;-6,0996599;-6,8235998;-15,5465002
828462;9828609;449542,099999999976717;5687325,799999999813735;326,6000061;0,0000000;-1,2467600;-0,1568200;-4,1041298;3,7215099;-0,1448440;-1,8192600;0,3681700;0,4847070;0,6967640;3,0730200;0,0889370;2,9180801;3,9283099;4,3564601;-0,9490570;1,8133000;0,4996690;-8,7416096;3,8697100;1,4879301;1,1433200;0,3794290;-0,5215250;3,1178100;1,0179900;0,5384440;-1,4295200;-0,1136850;3,0755701;2,2632401;-1,8533900;1,7050800;-1,6589400;3,1248000;-0,9231450;2,1992500;-3,4714999;5,8271599;2,2111900;-6,0755100;1,4472700;-7,5553198;1,5960300;3,4161999;8,6972599;1,7801600;4,6181798;-4,4754400;-1,2003700;6,1852398;5,1804900;1,4369000;5,8139701;-0,0404437;0,6681880;2,6576800;-0,0318120;5,4162002;2,0512400;1,2132300;-0,4745710;1,4503300;-2,7034500;-4,9682598;-1,8053100;-1,3825200;0,6887040;-5,9716001;-1,1164600;4,3501401;1,2598200;0,0400724;5,6333199;1,8649900;0,2853590;0,0071185;9,4735899;8,7064800;4,0931902;8,3859701;-5,6281900;-3,6872201;-0,6161340;4,3059001;2,1175201;-4,2880902;-0,8069330;0,6037940;0,4229910;-0,0743061;-0,7188710;2,1334801;-3,5644901;0,3052030;-0,3400560;2,1077900;1,9695899;1,2714700;-0,0993493;4,9144101;0,1504420;0,9063220;5,5164299;2,7751701;1,1608700;3,2086201;0,6173910;5,7007899;1,2006500;3,4097700;2,0869701;2,5999000;1,7103000;2,3419499;2,9092801;2,3747499;1,0263900;0,2464500;-2,2550499;2,6811299;2,1982601;3,6651800;4,5125899;3,0932901;3,7880599;5,3539000;4,2902298;1,3009800;-1,9120700;4,4178500;2,9636800;4,6195402;1,8930300;0,4768620;-3,2219701;0,5913690;0,6399220;1,9027700;4,5171900;2,5471301;3,4836600;4,5447102;2,2504101;0,9630560;4,1150699;6,1372499;1,8461000;0,0430493;1,0212400;0,7776960;2,3045700;0,7540890;1,1007500;1,2635700;-3,2767200;-4,1904702;-0,2030200;-2,8766899;-0,5511090;-2,2704401;-9,3374596;1,0218600;-1,8619699;0,6282690;-0,0695212;-2,6872699;0,7158000;-4,1289001;-5,3595700;-1,5556099;-0,0980587;0,7851460;-0,8547790;-1,8281100;4,6915798;5,0093598;4,1532102;5,1085200;3,4343801;3,6873100;1,1628100;1,5516500;1,5129000;1,5097700;4,8068800;3,0022600;1,2354400;5,4931898;2,9200301;0,3166090;0,8225410;1,4873101;-2,2584200;4,8801699;-3,6628101;1,2440701;1,2289300;1,3514800;-6,5240302;-2,0818100;2,5551300;0,5620980;-0,7067390;2,6645000;5,5249200;1,6915300;0,1489630;2,1738999;0,4604720;-0,8075600;0,2757400;-0,3102620;-0,0494957;5,9266901;2,0356200;5,2118802;5,0489202;5,3833098;4,2968998;3,4402900;7,1656299;5,0467401;6,2236300;4,0957398;3,5635300;4,9814701;5,6127901;3,3174901;3,8928399;4,0364399;2,8619001;2,0144000;1,9769000;-0,6569730;1,0729001;2,5998299;2,6043301;3,3389399;0,5198210;1,7008300;2,3994901;3,2722001;-0,0021262;1,7176400;1,4414400;0,0014840;1,0438600;-2,6767499;-3,2949600;-1,3482300;6,1811900;0,6985100;3,1668401;1,2858200;3,8408999;2,8216701;3,5534599;6,6269798;2,0664101;-0,7238060;0,1154160;3,8127301;5,5444598;4,3885498;1,5730799;-0,6765450;3,2587299;-2,3883200;2,2943399;4,2284598;3,5749400;3,7135201;2,0697200;2,9710701;2,0450499;5,2183700;6,0200500;3,5257699;3,1934500;3,0488901;1,5454900
828522;9828729;449427,000000000000000;5687320,500000000000000;377,1000061;0,0000000;-1,8206800;1,8934300;-1,3876100;0,2894790;-1,4176600;-0,4041490;-0,5483960;-0,5642940;0,1787830;4,0525098;-0,7200880;1,3964200;1,4808000;-0,9203780;0,2697450;0,0883681;-0,7470680;15,2887001;-0,1496290;-1,8561100;-0,5971630;-0,6257590;0,9081130;-4,7434201;3,3317900;5,1980500;2,2723999;-0,1262690;3,9628501;0,3446210;1,3845201;1,0752000;2,3439400;4,4092002;3,6388700;4,8939199;3,7231700;4,3866000;5,3703899;4,1771498;4,1086898;4,1498499;5,0351300;4,4336200;4,2423801;2,7443099;2,3181200;5,7287898;4,0659900;3,8972900;3,4281900;2,2918301;2,9041700;0,8802460;2,0643301;4,0448499;3,7483699;-0,1181730;3,2280099;4,7326698;3,4839900;3,2998099;2,8099301;1,8579900;3,1819699;-0,5044060;1,6400000;2,0028100;1,9805300;2,1910901;2,8059001;4,1598601;2,1077499;5,1302400;3,4685199;4,7236099;3,0136099;4,2076602;3,9126599;10,3401003;0,3043150;6,6947699;3,2574799;4,3987298;5,3094802;5,9072499;2,5349200;0,7696490;2,6712401;1,6886400;3,6871400;-1,2377200;3,1340401;2,1511300;1,2650900;0,8991980;2,0786600;2,0975201;4,3248901;4,3296199;0,9951030;0,7246080;1,6420701;-0,5597390;0,8908390;2,3862000;1,2121100;0,3921870;0,8525340;1,8197700;1,3167300;1,4631000;1,8853300;1,2261699;2,0186601;1,8172801;3,0379200;1,6936600;3,4868200;3,6940501;3,6995499;2,0901799;-1,9073700;4,0270500;4,0213199;3,6815000;3,2250400;-0,0407595;1,3287200;2,5755501;2,4085500;2,1033101;2,0014501;3,1091499;2,7958801;1,6090500;2,0631599;4,9762998;2,3868001;3,4313600;3,3042300;3,2243199;3,4205799;2,4978499;4,0150399;1,9470400;2,7309599;1,0368700;1,5087600;3,0854800;0,0511261;2,2405801;0,8505110;1,2044801;1,7928100;1,6230700;1,1903501;1,6957000;3,7423899;4,2301202;3,7898800;4,9591899;3,6217101;2,8306701;4,8074799;5,0433698;2,9203701;4,1267300;2,8407900;3,6697500;3,9285200;1,8754900;2,1562901;3,7190199;2,1630900;3,6605699;0,6389880;0,5129670;1,3467200;2,1391101;3,5242100;1,1770400;1,7636900;3,3389201;1,1756700;0,8685110;2,3855300;2,9319699;2,5627000;3,3350899;-3,2546799;2,9801199;8,2160997;5,1932502;0,3175550;6,0587902;6,6675000;7,5099502;-5,1340098;4,7807202;3,5689099;3,6774800;1,6251700;2,4635501;2,5600500;4,8421798;2,8009901;4,0497799;2,6946800;5,5543399;5,3688698;3,8876400;4,6389499;4,9333701;6,1235299;6,1597099;7,0778899;5,7355599;5,3506398;4,5468202;4,8420000;5,8846002;5,8214898;6,0495300;10,3069000;5,8945098;6,1707802;5,7670202;5,1132302;5,8489399;6,3941898;4,0295501;5,7520199;5,2968702;5,8379598;7,5276599;4,4921498;2,2281799;-0,0779038;5,9219398;5,2811198;3,0355101;5,8842502;0,3220020;3,4606500;3,0128300;1,7774900;4,5880499;6,9100499;3,1927299;-0,5230870;2,5025499;4,7173200;1,5008200;3,2234499;1,6978900;1,6136400;4,5033898;1,5999800;-0,2772180;3,8426499;4,8268900;3,1360800;13,8029003;13,3597002;6,6793199;2,6652999;6,7553902;5,4828401;4,3325100;-3,1333599;2,5579200;2,6142499;6,5021100;2,4005201;2,5422299;3,4660001;3,9810500;1,8564100;2,4770401;4,6021399
828523;9828730;449554,700000000011642;5687347,299999999813735;321,6000061;0,0000000;-3,3618400;-5,7630301;-2,3471701;1,1781501;-4,2620602;-8,8144903;-3,1457300;-3,4472301;-4,5464401;-4,4251299;0,7073600;-4,6475801;-4,0776701;2,9762700;1,9193701;1,6273400;-10,8009005;-3,0164900;-7,0870900;-2,1883500;-3,9670899;-1,7518400;-0,3069070;-2,8940401;-3,2253201;-3,6482799;-2,5990400;-4,3702402;-1,6281199;-3,5295701;-2,1589000;-2,6052301;-2,0928299;-1,3941200;1,6640100;1,1784900;-0,0330622;9,9626799;-1,4117700;-3,9468400;7,1965199;2,8399100;0,7365850;-1,2539200;-1,0215700;-2,1616399;-1,4256600;-1,5929300;3,8917401;-0,4428940;-5,1319199;-2,4028800;1,2557600;-14,1262999;-15,0486002;-12,0886002;3,5592301;-0,9937830;4,1155901;-5,1368999;-2,2845900;-2,2326000;-3,0019300;-2,0336599;-5,9771800;-4,6310101;4,9405398;-2,0497301;-2,1674299;-0,6984560;0,8784870;5,0236402;-2,0797901;-10,6747999;2,8454199;-0,3741990;-2,5784700;-5,2935700;-10,1286001;4,2554002;0,2695030;-3,4393499;-9,0257101;-4,2153702;8,6076899;-0,8401150;-1,3150200;-0,0267751;-2,3673501;-6,4158201;-1,2196400;-5,5301499;-7,2527399;-3,2797301;-0,3161680;-2,2006500;-3,4218500;2,4669600;-2,8065600;-1,0431200;-2,1187601;1,3170100;1,7107000;0,3119410;-0,4399530;-2,0799899;-1,1804301;0,0222352;1,7690001;-3,3540599;-1,4261500;-0,7656320;-2,3118701;-2,0554700;0,4401040;0,9676230;-1,2571501;0,1681960;-1,8202800;4,0881901;6,2655501;7,3019800;1,0166700;2,1622901;-0,2416670;-3,0440199;3,0302601;4,5797601;-2,7414100;4,6172900;4,3008199;-0,1812090;-2,4341600;-5,0391598;-0,8478800;-0,9235990;-1,7771500;3,8788800;-6,1303201;-2,6675000;0,1973930;4,1171598;0,2160640;1,1910900;1,4243400;6,3047800;2,2697999;-3,6966100;-1,1658100;0,6650460;4,4456000;3,6864500;2,1684201;2,2351201;-4,2484102;-3,6266899;-5,9055500;-5,1096902;3,5257499;-3,3024600;4,7293000;-1,2021400;2,0058899;0,4808900;-1,8093100;0,4646640;1,3101500;1,5530000;-1,6105100;-2,2336400;0,8577310;-0,9132470;3,6318700;1,1056700;-2,0178900;-0,2604660;2,4058399;-0,0181808;1,0664099;1,0656800;1,2494500;-1,6739900;-1,1698300;0,3295900;-2,6971400;2,0293500;-0,4401800;0,4742770;-0,1640150;-0,7438910;-3,3068199;-3,6926301;-8,8014002;-0,2065190;-1,6898201;-3,8428099;13,3478003;0,2647380;5,7300000;-2,9776101;9,5399904;0,9645400;1,6447001;2,1221199;3,2616799;-2,7667401;-1,2959900;5,6641102;-2,0950899;5,1501799;4,6005602;3,3619201;1,3603801;-0,0134933;3,4439499;0,3411790;-2,6693699;-1,4276299;-0,9956300;-2,5855801;-0,7193720;-0,0039535;-0,0294726;-3,7330201;2,1422000;8,8181601;3,8870900;0,4865750;5,0113902;3,3241401;1,8648200;-1,6836300;2,6108100;0,9641310;0,3973740;-0,9788540;0,7635150;1,6319799;1,1939501;0,8236090;0,8494100;0,6212720;3,6342101;4,7030602;2,4538500;6,1236701;3,9533300;4,5489602;10,0832005;-1,4643300;1,3173100;3,6598401;0,0091460;3,7252800;6,9910898;5,6056099;-0,7674040;0,1492760;1,9700201;-3,0750000;2,5712900;0,6713200;-1,1825100;1,7054700;6,7496099;0,5600370;4,1801500;0,2840130;3,7062399;3,5599599;2,9147501;1,7066300;2,4391000;-1,9903800;1,2231801;4,7048802;4,8323498;1,4857900;1,2297699;0,4240260;2,0656300
828524;9828731;449564,099999999976717;5687343,099999999627471;322,5000000;0,0000000;-0,4326660;-0,3762070;-2,1914599;-1,7445700;-1,7855300;-3,2902200;-4,4042802;0,4476580;-11,7965002;-0,7436050;-3,4063301;3,5789599;-0,3313180;-0,0596430;-0,7452070;0,7696520;0,4371280;-0,6665530;0,5917820;1,6086200;-2,4951501;-0,0318558;1,2105900;-0,0499983;-0,5821130;1,2160701;-1,4299500;-2,5536201;0,0930090;2,1095901;-0,2870390;1,4947799;0,7705860;-0,9267320;3,2897601;1,9470500;1,9558901;-0,4524670;1,9894100;1,1194700;-3,5334001;4,0593500;-0,4764740;2,3009300;3,8505900;5,6016698;4,4370599;2,8974500;3,0182400;3,1034701;4,2961998;3,8512900;5,7599902;12,6025000;9,0358400;9,5681295;8,2986498;6,8495302;9,5953503;5,2229300;4,3290701;1,4295900;1,6470900;2,3726201;4,2560802;1,0819300;3,3906701;3,5210199;2,6668799;2,7377501;1,4630100;3,7272201;4,0366702;2,4700899;0,6619510;0,6954610;3,5449300;-3,6436901;-0,9377030;6,8743300;-1,8395500;1,1415100;3,0269599;1,6984200;3,5645199;2,0837400;2,6737499;2,7119401;3,4575601;4,0648699;3,4046600;3,2579100;3,4755900;5,0202198;4,7378001;4,1992998;3,2656100;3,8931000;2,7940400;6,0395002;5,7101598;2,7610600;4,3022099;3,8186400;2,9743900;3,6987200;2,6385801;4,4391098;4,1255698;3,2772801;4,1487899;2,8377299;4,1969099;4,6878300;5,7509899;2,8425801;3,7291501;5,3282700;5,7814398;10,2425003;11,5017004;9,1360598;4,8673601;3,6142700;3,1287601;3,9787500;1,5144100;-0,1482870;0,9326100;3,2318599;4,7389698;0,9755610;2,5636001;1,7041100;1,9198101;1,0023700;5,2504301;1,4916000;3,5676000;2,9208901;4,8283501;3,4433300;2,8871801;2,2630701;3,3157201;3,6411400;7,9249001;2,9416499;2,9971700;2,2781100;2,8937600;5,7193699;2,0090899;3,8574200;-0,4924950;0,8834370;6,8797102;4,8924599;2,4742701;6,6142802;5,7911801;5,4602599;3,6024599;3,5158701;6,7186198;5,7408400;3,9941700;5,3544998;3,4192500;4,3384800;4,8843799;2,6787000;6,5852499;11,6894999;10,5588999;10,0586996;10,3691998;5,8326402;6,3471599;7,0491800;6,5022702;5,8574200;5,6702700;4,0046401;3,2637401;6,3008099;9,9562702;3,6956501;9,4617796;2,3841000;4,1688900;10,3635998;0,6540620;10,0256996;3,9372599;2,9233699;1,4307500;5,6398501;0,6596370;2,9942300;-1,1374000;3,7931299;1,3311900;1,4879100;3,7302301;4,2207298;1,5572500;-3,4875901;5,7606201;3,6191599;6,0483098;7,2879200;-3,1779900;9,0069103;4,4055901;8,7966900;8,1967802;6,1354699;4,7874699;6,8001499;6,6247001;6,0420499;5,2725601;3,6143799;9,7461205;6,7249599;5,8250399;4,4771900;10,3056002;4,7004700;2,6624999;4,7976298;8,9419498;7,3137102;8,5731001;4,9480300;7,6940198;10,1414003;7,5274000;11,5059004;4,5994601;7,9105401;8,2917099;4,3449602;3,6077399;3,3576500;-0,7616880;4,9822102;5,8771000;8,8559303;12,2961998;2,7785800;5,7674599;2,2112899;8,6511002;3,8827100;0,0469346;9,2570801;3,3552101;5,7655902;4,3445301;3,9860201;4,5956998;4,7207298;-0,5424660;7,4636898;-4,1320100;6,1965299;6,9674101;5,8338499;8,2962704;7,5974698;7,9690499;6,4954300;7,7406702;9,0574198;11,2053003;11,2905998;6,6604800;7,8505402;7,7417698
828861;9829282;449423,900000000023283;5687367,299999999813735;382,3999939;0,0000000;-1,2772300;-5,6368399;-4,0030899;-1,7291300;-12,5672998;-3,7234800;-4,2786298;-0,9363570;-0,5503930;-3,3225100;-0,3690300;-3,4190199;-1,0426900;-0,0440638;-0,9730790;-1,7836800;-3,1077001;-6,9636302;-2,0368600;-3,4791000;-1,4578700;-1,8260700;-0,5656490;-1,6622300;0,8807050;3,9021499;-3,9612701;7,4725199;5,6013098;-2,1713901;-2,3206100;-3,4465699;-11,9570999;-1,6683700;1,5090100;-0,2695220;-2,3262701;-0,5870840;-0,6713100;-0,4513100;-0,2553010;0,1700200;0,7593960;-0,1303410;1,0993900;2,2683001;0,5632990;-0,9653000;-0,5785520;1,7668800;0,6512560;1,3487900;-0,1471890;11,9201002;6,3212900;2,1826000;-0,4496610;0,0604482;0,3715210;-0,3643640;-3,3081701;-0,8489110;-2,6380999;-1,5228900;-2,8755300;-0,2892100;-5,0986700;-4,8244300;-0,3918910;1,4638500;0,8319240;3,4958999;-5,0666299;-2,3872299;-6,2889600;-3,0812800;1,6849900;-4,9094200;-1,9732300;7,0034199;-0,0327072;-0,1932370;0,5147980;0,3711610;0,5801740;-2,0782199;-2,2665999;-5,0911498;0,5609000;-1,8093500;0,0321498;0,6662560;-1,2242500;1,7238500;0,3075340;1,5334600;1,5411600;1,1869400;0,8355190;3,9929500;0,9018820;0,3032810;-0,5247170;-1,3678000;1,5041100;1,4915299;0,2015090;0,1406150;-0,7796110;2,4661100;0,2636180;-0,1172970;-0,1138310;-0,4580090;1,6244800;1,0195700;1,0865099;0,8065740;2,1409199;0,9596200;0,8040340;2,8267100;1,0310400;0,5455470;1,3627900;0,8893900;1,5874000;-0,5795250;-0,5709930;-1,9679300;-1,5302100;-2,4376299;-1,1257499;-2,7259901;0,1743050;-1,0950700;-3,7527299;-2,8710499;-0,4337820;-1,5473200;-3,0144501;-1,2849900;-0,4415860;0,1191940;-1,4578201;-0,3450670;-0,7268000;-1,7457700;-3,6761000;-1,9676300;-2,8159900;-0,1980450;-3,6623700;-1,9183400;0,5286590;-4,4920502;-2,4098401;-3,9349501;-4,0367699;-0,9563390;-2,3490901;-1,1011800;-2,4712300;-3,3173001;-1,8907100;-2,1215200;1,6545100;-3,7685299;-1,4980600;-1,4233800;-1,8430800;-0,4937900;2,5598900;6,0933099;5,9959998;4,7800899;2,0836101;1,9558300;5,9882998;7,8999100;2,6073201;4,7081199;5,2303200;-3,3704200;-0,1526170;-1,9337300;-4,6546898;-2,8527300;0,4635170;-1,6266500;2,7707801;-2,6853399;-1,9347500;-1,3049700;2,6561201;-1,4515500;-0,5293150;-1,8520900;-7,7205701;-3,9504099;-1,6376899;-2,6556201;-3,0642700;-3,5430100;-2,3536401;-3,0014000;-2,5586600;-0,0101948;-4,1262298;-0,0727525;-4,1863499;-1,0940200;4,0229702;-1,4655600;-3,6121199;-3,4914501;-3,4935601;-5,4361200;-4,0810099;-4,9065099;-3,3827200;-3,2277801;-4,2733498;-1,5763400;0,8316720;-3,6617200;-4,2992902;-2,7721701;-2,3154900;-3,6731701;-1,5273200;-4,3082600;0,4376480;-2,9224899;-0,6261370;-0,8516220;-3,7676799;-6,3479099;-1,9929700;-3,7188799;-3,5294199;-2,5864799;-1,0088201;-2,4816699;-4,0992599;-2,4711001;-7,7833500;1,0984401;1,2160300;0,6412670;-1,2585300;-1,9351799;-1,6569901;-3,9019699;-0,9422900;-5,7080798;-4,1484799;-0,2781410;-2,7173500;-3,5119700;-4,8012199;-1,6127599;-5,1685300;-7,9101601;-9,6707201;-13,4113998;-6,0861201;-6,9902501;-3,8954899;-6,6319098;-9,0484400;-8,7181597;-7,5450201;-9,5682602;-6,8353801;7,3354402;9,8445101;10,6362000;10,0876999;10,0108004;9,0585403
829293;9829960;449422,099999999976717;5687429,200000000186265;378,2000122;0,0000000;-0,2227480;-3,3278100;3,0178399;0,6570820;2,2101200;-1,8654200;-0,5433110;5,4474602;2,0185001;-1,1336499;8,3518801;5,1883602;5,8111300;9,9683399;5,7400699;4,7626700;7,5757198;2,1520200;-5,0025802;3,5864799;-10,3643999;6,9170899;-0,4614680;8,2356596;13,1408005;6,9664502;8,4196301;15,7854004;-1,2210900;-0,3712280;9,7232304;11,2730999;3,2039199;2,0861001;3,7723999;8,1523399;7,8122501;10,9354000;5,3896298;8,8659801;8,5575800;6,6117301;10,9773998;8,8550301;8,7227097;9,1152296;7,8517699;8,6214800;7,5675902;6,5652499;10,6683998;10,4257002;6,9137602;8,6823902;-9,0679102;7,3267598;9,4041901;7,5625401;10,9041004;4,7617602;9,3496504;5,2635899;4,4932399;7,8361201;4,8403502;2,3800600;4,9754300;5,5763602;8,3090801;5,4535298;8,8811703;7,3885398;10,3626003;6,4591899;7,6409602;3,8323300;1,6131001;-2,2128201;1,2713000;5,8136301;8,7674303;6,3017602;5,1682100;7,2154102;3,3518701;7,6153498;10,7434998;2,1492200;6,2006998;5,6293201;7,5659099;3,8515100;5,2773800;4,4233398;4,1732998;1,3249201;4,8006301;3,0946600;3,9387901;5,4188700;3,5064199;4,4244299;2,3545001;3,1921799;3,9350901;0,9267620;2,5873499;7,6431198;1,8550900;5,5283298;1,4622200;2,2764001;1,0320300;2,5126801;4,1703801;3,4819701;4,8123498;2,5262699;1,9863700;5,0913601;5,5421000;6,1669002;4,1664500;7,3864598;4,1448302;3,5147200;3,6442800;3,9125299;2,7990000;2,1190400;3,6216800;3,9302101;0,9817450;3,0060899;3,0581701;0,6473000;2,0095799;5,1651001;5,8076200;3,2441101;3,0147500;6,9088001;2,0936401;3,4514899;5,3582001;2,5399599;4,7174702;2,2843101;2,8981400;8,6156902;4,9878602;7,5563898;4,2043700;7,0020700;4,4982901;0,7286970;6,7089000;4,5032701;6,8217301;5,4674602;7,6870899;6,2984900;6,9929900;6,6277599;5,6639800;6,6731701;7,6154799;5,3741999;5,2230000;3,2567101;6,4537501;9,6268702;5,4258499;11,0816002;7,1458902;9,8338299;6,0862699;5,3307800;6,6305499;5,2622700;6,2403498;7,2259202;6,8741298;9,9621601;2,3490801;3,1620300;2,8456299;-6,4160500;0,8972110;5,1497798;19,2355003;0,1913250;9,5278301;6,3518701;2,7427299;7,4565601;2,5071499;4,9495702;-1,1332600;19,0867996;11,0061998;9,2562399;8,8073101;10,0414000;8,7874498;10,4574003;10,9361000;12,9202995;6,8448701;-3,4724500;9,0577898;7,5392399;8,8942499;7,0923100;6,5730400;7,2039199;7,4372401;4,5670099;4,6404099;7,3478398;4,5051398;7,6261401;6,2513700;6,6141200;8,4858704;5,4532700;6,9238701;7,2898502;6,3619499;8,2856703;5,2538199;7,3609800;5,6500802;5,0014000;5,1522002;8,0862303;5,9391999;4,4722600;8,3745403;6,2763300;3,9328899;1,5194900;9,3463497;13,2837000;11,7943001;9,6962299;5,2551899;0,2948510;11,5714998;-13,9940004;6,8684201;6,7036800;14,1716995;8,4765902;9,2821903;13,3142004;9,2822304;11,5642004;10,1980000;7,4457002;6,4202800;14,9448996;13,9904003;14,0410004;12,4145002;15,8323002;10,2273998;9,0787497;12,6499004;5,9268098;4,9535198;11,1955996;8,1858902;9,1396503;8,3936501;9,3725796;5,8779402;8,0062704;6,8412800;7,8483300;9,9663897
829574;9830366;449421,299999999988358;5687467,099999999627471;371,3999939;0,0000000;-1,2991101;-1,1303900;-0,4138330;2,0812700;-0,3541680;-1,1167800;-1,6392699;-3,2214000;-1,8148100;-4,2784901;-3,9451101;-5,2557402;-3,9581299;-2,1729200;-5,3189802;-5,2200999;-4,4302301;-14,5202999;-3,5950100;-5,8873200;-6,3445501;-3,6044600;-4,7508402;-4,7928100;-2,2655699;-3,4997101;-5,4942498;-6,8969898;-5,7530499;-4,7283101;-4,8776302;-7,4326601;-1,3200200;-4,7285900;-3,3959301;-3,6522601;-5,3648901;-7,8733802;-8,8786097;-6,4555702;-5,5623999;-5,6118302;-5,4762902;-6,7033100;7,2729602;2,2953899;-4,0022502;-7,1208701;-4,6530399;-2,2116699;-0,7614930;-3,6278100;-9,6373596;-10,1627998;5,1299000;-7,7721400;-6,5355902;-4,4613700;-5,8264999;-7,5391102;-6,0615702;-7,7846899;-4,4356599;-4,5974302;-3,9256001;-2,5313399;-1,2632300;-2,0295701;-5,8978901;-4,3013902;-4,6850500;-4,4517798;-2,1082900;-3,1117799;-4,0298901;-3,9048200;-2,8127201;-4,0232000;-4,1184301;0,5266610;-5,3504300;-5,1111002;-4,6221600;-6,1760602;-2,6572001;-5,9672599;-5,1542802;-2,7243800;-4,3601799;-2,4148500;-3,1864300;-7,3245902;-2,5163400;-19,1222000;-7,6619301;0,9081590;-5,4553199;-7,8845301;-5,5218501;-3,9061000;-11,7034998;-5,0449901;-4,2984099;-3,5865901;-4,6194601;-1,8061900;-2,2372501;0,4525790;-3,6824701;-3,9749000;-6,6480198;-4,1253901;-2,4827499;-4,2709899;-6,3510499;-4,0685802;-3,1178401;-4,4924402;-2,9535201;-1,7288600;-2,7780900;-4,1065402;-4,0864201;-3,4232099;-2,0843201;-4,4513202;-3,4493599;-3,1815500;-6,4150701;-9,4362602;-1,4019600;0,5416650;-4,5602002;-4,7599902;-2,1898000;-6,4673700;-4,5083098;-2,2951300;-3,9080501;-4,0282302;-6,1819601;-2,7028999;-2,9361401;-3,0999999;-1,9424599;-3,7148700;-3,8010499;-2,1176400;-4,4515400;-4,5603499;-4,6912799;-5,2148099;-3,5747001;-2,7066200;-2,9012201;-3,9084101;-4,4898200;-2,5295999;-4,6436901;-5,0146399;-3,3410499;-4,3700099;-4,1338201;-5,0254898;-4,0614200;-8,1174603;-4,5254798;-4,0325799;-3,5466700;-7,4272699;-5,3091402;-3,3018401;-3,9742899;-4,9417000;-15,0455999;-6,0758801;-6,0079398;-3,6242099;-3,1118200;-3,4792399;-4,0364099;-4,3017101;-5,7072301;-3,1175101;-6,7035799;-7,2106299;-8,0272799;-6,0795598;-5,2066102;-5,2561598;-5,3086500;-5,3287301;-3,2208099;-3,7265999;-3,9833601;-6,7170501;-7,7511401;-10,3113003;-8,6433401;-4,3505301;-3,8739300;-3,8469901;-6,5748801;-5,9871898;-6,0558701;-5,7602000;-6,4866300;-4,3588400;-6,0344901;-4,1898699;-6,2075901;-7,5687799;-6,0269499;-3,9660299;-4,5292902;-3,8980100;-5,6496501;-5,0299001;-4,6808000;-7,1568499;-4,2635698;-3,5372801;-5,4505000;-5,9135499;-5,0204701;-3,7361701;-5,6808901;-4,5877800;-4,9216399;-5,0341702;-4,5288301;-6,2652302;-5,2435098;-4,6725001;-6,0641499;-6,2019200;-4,8313699;-5,7553601;-8,6980400;-4,6640301;-5,4556699;-5,8352900;-8,4931698;-4,5198798;-4,2064400;-4,8021698;-6,7965498;-6,1245198;-6,3271799;-28,2588005;-7,2045999;-5,2201400;-4,4633002;-7,6082001;-6,9548001;-8,7709904;-5,8361201;-5,8190999;-5,1060500;-7,3798199;-3,5845301;-5,2350702;-11,6121998;-4,6589899;-8,2480698;-7,1517601;-3,6889901;-2,8008900;-9,9750500;-5,4243302;-4,6729498;-6,3707399;-5,3059301;-7,3372898;-7,6624498;-6,3747301;-4,4945102;-5,5778599;-7,9059200;-8,2889404;-2,6146901
829668;9830504;449400,000000000000000;5687475,099999999627471;380,5000000;0,0000000;-1,4486901;-1,1759900;-0,5229420;-1,0398300;-1,3663000;-3,2163100;-2,4976799;-1,2496001;-1,2321000;-0,8220470;-1,1234900;-3,1895299;-1,8500100;-2,5618801;-1,2559700;-2,6608200;-3,4472001;-1,3328400;-3,1036401;-2,7512200;-1,9440000;-3,3580501;-0,0499977;-2,2297599;-2,1771700;-1,9568700;-2,6426001;-3,1575100;-1,6235300;-1,9110600;-1,3545001;0,2048250;1,0232800;0,2104800;-0,0153522;-1,7639300;-2,7979000;-1,5280100;-0,5031110;-0,9378290;-1,6287100;-0,8068360;-0,7924260;-0,2146810;-1,7995200;-1,5938900;-0,8857410;-1,0497700;-0,7224190;-1,1483901;-0,7527470;-0,8399360;-2,4396801;3,4445601;-0,8836040;-2,6039200;-1,6346700;-3,0238900;-1,7117701;-1,3865900;-1,0897700;-2,3301001;-3,4852099;0,5897710;-0,7551590;-1,8947700;-0,5736640;-0,7950460;-0,4706550;-3,0047100;-3,1407399;-0,4330200;-1,6207300;-0,8124820;-1,5341700;-2,4384100;-1,0150000;-2,8261700;-2,5970600;2,1615500;-2,4643900;-3,1607800;-0,2330690;-1,3293700;-0,1586660;-1,6920500;-1,9220200;-1,2849100;-0,1455100;-1,5947800;0,2908200;-0,9604440;-1,0737000;0,5214710;-1,0879700;-2,5345900;-0,2396370;-0,8675090;-0,9659400;-0,0771095;-1,0869499;-1,4013300;-1,7195899;-1,9045600;-1,1645700;-0,9020460;-1,3501700;-0,7059000;-1,4553000;-1,1112800;-1,6042100;-2,0274100;-2,1238699;-1,1625299;-1,1234000;-0,9989990;-1,0030200;-0,7702440;-0,8942300;-0,2657080;-0,0028358;-0,3466950;0,1412390;-0,6217760;-0,6669230;-1,4507101;-0,3788620;-0,9563620;-1,3012000;-1,3854500;0,5898730;-0,7921200;-2,6080101;-2,0938101;0,7978160;-1,8285800;-3,2950001;0,9055500;-2,1795900;-1,8264900;-1,7906700;0,3806990;-1,1951400;-0,9094550;-0,6191610;-1,8794500;-0,0839152;-0,5747580;-0,6775590;-0,2897410;-1,6920600;-0,7989220;-0,1222170;-1,0619700;-0,5777210;1,8928800;-1,4169600;-1,4151400;0,1366050;-0,2213850;-1,9699800;-0,9835550;-2,2595601;-1,3627599;-0,5225180;-1,5304199;-1,5577700;-1,1871400;-0,4022350;-1,7345200;0,5889820;2,6432900;-1,5912499;-0,2840820;-3,2151999;-1,5075800;-1,4229701;-1,6265100;-1,6122600;-1,9820900;-3,0577400;-2,0036299;-2,5363100;-1,3571800;-2,1793399;-2,6757901;-0,9194740;-2,3570700;-0,6656580;-1,8583900;-3,2589300;-1,0083500;-1,9909800;0,0036565;-0,6542530;-0,5846130;-1,1908700;-1,1157100;-5,8715401;-1,8343101;-0,8144620;-1,3583699;-1,3988000;-1,7060200;-2,4716101;-0,1344660;-0,9667660;-0,5526300;-0,0249014;0,7008020;5,9126701;-2,1868000;0,8607260;-0,5205230;0,3146200;0,2295640;-0,0398233;-2,1293199;-0,9709900;-1,8704000;-0,2281350;0,5600450;-1,5163100;-1,2564800;-0,9932570;-0,8104650;-1,1046799;-1,1949700;-0,5036370;-1,4124100;-1,0368000;-1,8683600;-0,3065850;-1,8051400;-1,1634700;0,1155770;-0,2091820;-0,9667730;-1,0686899;-0,2243980;-0,9740320;-0,5966570;-2,6575699;-1,2642699;-0,9106880;-1,5193300;-0,6877590;-0,1829810;-0,1316700;0,9007030;-1,6575800;-0,8052830;-2,9329100;-7,1615701;5,2291298;7,8768301;5,4143801;4,5921102;0,0394517;-3,4247899;-5,0610099;-1,9754500;-12,3163996;-10,4124002;7,4605598;2,1297500;8,5987501;-0,9739900;10,8990002;-2,7372999;-2,1206200;2,3456800;-11,1097002;-13,2363997;11,9174004;13,4060001;11,9703999;9,8235703;9,7038002;9,7413597;8,2781801
830104;9831199;449386,500000000000000;5687516,700000000186265;376,1000061;0,0000000;0,6547020;-0,1906310;0,5974260;0,8119300;0,1329880;-1,6102700;-1,0966400;1,9096700;1,0741500;1,8294500;0,1286640;1,4397700;2,5050399;1,1348400;0,5673440;1,6289999;2,0701499;3,3651400;1,3375100;1,2308400;0,5673090;2,3746901;1,7339600;0,8251410;1,1871600;0,5276150;-0,3204480;-0,1691430;1,8874700;-0,7161490;2,3406200;2,8874099;4,1696701;2,5966301;2,0174799;1,4087300;1,9721400;3,2502501;1,9220400;0,1931610;2,5761099;2,9696901;2,8025501;3,6343400;2,3819599;3,2104499;2,5271800;2,3052900;2,7481401;1,4807700;3,3045800;1,4389499;0,3764340;5,7210798;2,6335399;0,4853690;0,6113980;1,1909500;3,9154401;0,4144730;0,5818850;0,8411780;1,0815300;0,5532600;2,3782699;0,8830190;2,0473299;2,5732000;0,1185170;2,3735199;2,1606200;1,6426100;1,6593000;2,7887900;2,6261401;1,7598300;1,5107900;1,2297800;2,9117801;7,2165599;-2,7753501;1,1072299;1,8081300;2,1684899;3,2247500;3,1904700;1,7544399;-2,0280399;2,0511501;1,5951600;2,3947999;-1,8583300;0,3038440;2,7101700;5,1746998;3,6015501;4,7093701;3,6012101;4,2841802;3,0959899;3,8965499;5,1657100;4,4525900;1,1500400;3,2377601;5,1467900;4,1999998;3,0049801;3,2682800;3,3880301;2,4617000;2,9641900;2,5636301;2,9543900;4,4792800;3,8173900;4,4505601;4,4625001;3,2354901;2,8068800;3,5585999;2,9874499;2,7016399;2,8082099;2,4704700;3,1215501;2,6056299;2,0584300;1,6534600;2,1811299;2,5562999;2,1353199;1,4418100;-0,4197880;2,2497599;0,1361110;1,2067100;2,5159700;2,3952501;1,7612100;0,3502190;-1,4981101;1,5846200;2,0492899;1,8930800;5,0792098;1,8668900;2,2330401;1,9815900;1,9167600;2,9427299;3,4582000;4,0980601;3,7389801;3,6540401;1,7262700;1,9961500;3,4851999;4,7641902;4,6711898;5,3907099;4,1696100;3,9540200;4,9730201;1,7086700;2,4332900;2,4534700;0,8122830;2,2266300;0,8734230;1,8422700;0,9199510;3,6445899;3,1809299;0,5113840;2,1193600;2,3731899;2,7646999;2,4267499;2,4924300;1,8718300;1,7537400;1,9861799;2,7304399;0,9781440;1,6557200;1,8725200;2,7943101;1,8216000;1,8473300;2,3249199;4,0060101;1,5113100;2,1603601;4,7347598;1,5906700;1,8818500;4,0667500;-5,7642999;2,0979300;1,0632800;3,6900699;2,1184499;2,2929101;3,8469701;2,5544600;2,6676300;2,1937399;2,5345600;1,9484600;3,2128999;0,8567670;4,0637102;2,1872399;4,1927199;3,7814400;2,6499300;2,6693201;2,6257701;2,2637100;2,9575400;2,4735100;3,7662899;3,3262100;1,7916400;3,2927599;3,5722499;3,9522200;3,4302399;3,2057600;2,5901000;2,2313099;3,3657501;2,9807799;2,6365600;3,2495100;3,7271299;3,2600801;4,4872499;2,9986300;2,8162701;3,4769900;0,7779610;4,7792301;3,6916399;1,9880300;1,5345300;1,5984800;4,3446898;4,8447199;0,1884650;2,9675801;2,5208399;1,4173000;-7,6731601;-2,2468801;-5,8470998;-1,3597000;15,6350002;0,0402665;-1,6250000;6,0814099;4,4610600;0,7718360;-3,1119201;8,9220200;-2,5234900;0,7136580;-2,9298999;-4,7657299;-3,6428599;1,5544200;-7,3404498;-8,0441103;-4,0245500;-3,2913001;-4,1302800;-9,9397297;-5,7801900;-9,9279003;13,3926001