OBJECTID;ID;Input;X;Y;Z;mean_velo_vert;var_mean_velo_vert;date_20150401;date_20150407;date_20150413;date_20150419;date_20150425;date_20150501;date_20150507;date_20150513;date_20150519;date_20150525;date_20150531;date_20150606;date_20150612;date_20150618;date_20150624;date_20150630;date_20150706;date_20150712;date_20150718;date_20150724;date_20150730;date_20150805;date_20150811;date_20150817;date_20150823;date_20150829;date_20150904;date_20150910;date_20150916;date_20150922;date_20150928;date_20151004;date_20151010;date_20151016;date_20151022;date_20151028;date_20151103;date_20151109;date_20151115;date_20151121;date_20151127;date_20151203;date_20151209;date_20151215;date_20151221;date_20151227;date_20160102;date_20160108;date_20160114;date_20160120;date_20160126;date_20160201;date_20160207;date_20160213;date_20160219;date_20160225;date_20160302;date_20160308;date_20160314;date_20160320;date_20160326;date_20160401;date_20160407;date_20160413;date_20160419;date_20160425;date_20160501;date_20160507;date_20160513;date_20160519;date_20160525;date_20160531;date_20160606;date_20160612;date_20160618;date_20160624;date_20160630;date_20160706;date_20160712;date_20160718;date_20160724;date_20160730;date_20160805;date_20160811;date_20160817;date_20160823;date_20160829;date_20160904;date_20160910;date_20160916;date_20160922;date_20160928;date_20161004;date_20161010;date_20161016;date_20161022;date_20161028;date_20161103;date_20161109;date_20161115;date_20161121;date_20161127;date_20161203;date_20161209;date_20161215;date_20161221;date_20161227;date_20170102;date_20170108;date_20170114;date_20170120;date_20170126;date_20170201;date_20170207;date_20170213;date_20170219;date_20170225;date_20170303;date_20170309;date_20170315;date_20170321;date_20170327;date_20170402;date_20170408;date_20170414;date_20170420;date_20170426;date_20170502;date_20170508;date_20170514;date_20170520;date_20170526;date_20170601;date_20170607;date_20170613;date_20170619;date_20170625;date_20170701;date_20170707;date_20170713;date_20170719;date_20170725;date_20170731;date_20170806;date_20170812;date_20170818;date_20170824;date_20170830;date_20170905;date_20170911;date_20170917;date_20170923;date_20170929;date_20171005;date_20171011;date_20171017;date_20171023;date_20171029;date_20171104;date_20171110;date_20171116;date_20171122;date_20171128;date_20171204;date_20171210;date_20171216;date_20171222;date_20171228;date_20180103;date_20180109;date_20180115;date_20180121;date_20180127;date_20180202;date_20180208;date_20180214;date_20180220;date_20180226;date_20180304;date_20180310;date_20180316;date_20180322;date_20180328;date_20180403;date_20180409;date_20180415;date_20180421;date_20180427;date_20180503;date_20180509;date_20180515;date_20180521;date_20180527;date_20180602;date_20180608;date_20180614;date_20180620;date_20180626;date_20180702;date_20180708;date_20180714;date_20180720;date_20180726;date_20180801;date_20180807;date_20180813;date_20180819;date_20180825;date_20180831;date_20180906;date_20180912;date_20180918;date_20180924;date_20180930;date_20181006;date_20181012;date_20181018;date_20181024;date_20181030;date_20181105;date_20181111;date_20181117;date_20181123;date_20181129;date_20181205;date_20181211;date_20181217;date_20181223;date_20181229;date_20190104;date_20190110;date_20190116;date_20190122;date_20190128;date_20190203;date_20190209;date_20190215;date_20190221;date_20190227;date_20190305;date_20190311;date_20190317;date_20190323;date_20190329;date_20190404;date_20190410;date_20190416;date_20190422;date_20190428;date_20190504;date_20190510;date_20190516;date_20190522;date_20190528;date_20190603;date_20190609;date_20190615;date_20190621;date_20190627;date_20190703;date_20190709;date_20190715;date_20190721;date_20190727;date_20190802;date_20190808;date_20190814;date_20190820;date_20190826;date_20190901;date_20190907;date_20190913;date_20190919;date_20190925;date_20191001;date_20191007;date_20191013;date_20191019;date_20191025;date_20191031;date_20191106;date_20191112;date_20191118;date_20191124;date_20191130;date_20191206;date_20191212;date_20191218;date_20191224;date_20191230;date_20200105;date_20200111;date_20200117;date_20200123;date_20200129;date_20200204;date_20200210;date_20200216;date_20200222;date_20200228;date_20200305;date_20200311;date_20200317;date_20200323;date_20200329;date_20200404;date_20200410;date_20200416;date_20200422;date_20200428;date_20200504;date_20200510;date_20200516;date_20200522;date_20200528;date_20200603;date_20200609;date_20200615;date_20200621;date_20200627;date_20200703;date_20200709;date_20200715;date_20200721;date_20200727;date_20200802;date_20200808;date_20200814;date_20200820;date_20200826;date_20200901;date_20200907;date_20200913;date_20200919;date_20200925;date_20201001;date_20201007;date_20201013;date_20201019;date_20201025;date_20201031;date_20201106;date_20201112;date_20201118;date_20201124;date_20201130;date_20201206;date_20201212;date_20201218;date_20201224;date_20201230;date_20210105
405786;3810259;ASCE_015_06,ASCE_117_06,ASCE_117_07,DESC_066_08,DESC_139_07;449400,000000000000000;5687150,000000000000000;371,5000000;0,2000000;0,1000000;0,0000000;-2,3699999;-2,3199999;-2,0999999;-1,8200001;-2,1199999;-2,5200000;-2,0899999;-0,8800000;-0,6200000;-2,2400000;-3,1199999;-2,1700001;-1,1000000;-0,8900000;-1,1300000;-1,0400000;-1,2100000;-1,3000000;-0,7500000;-0,7600000;-0,8200000;-0,2900000;-0,0900000;-0,0900000;0,1400000;0,4200000;0,6300000;0,4100000;0,0100000;-0,0700000;-0,1600000;-0,3200000;-0,2500000;-0,0700000;0,1000000;-0,2000000;-0,5600000;0,2600000;0,7600000;-0,0400000;-0,4700000;-0,6900000;-1,0100000;-1,4000000;-2,0100000;-2,0500000;-1,9800000;-3,7300000;-5,3800001;-3,7100000;-1,7400000;-1,5100000;-1,8900000;-2,1800001;-1,8400000;-1,8800000;-2,9400001;-4,0400000;-3,7000000;-2,4500000;-1,7400000;-1,6799999;-2,6400001;-3,7900000;-3,1199999;-1,6300000;-1,8200001;-2,6300001;-1,3700000;0,9200000;1,5400000;1,1200000;0,7800000;0,3700000;-0,0200000;-0,3700000;-0,6000000;-1,0000000;-0,9400000;0,0600000;0,4200000;-0,2800000;-0,9600000;-1,9200000;-2,6800001;-2,2300000;-1,2100000;-1,0599999;-1,6000000;-1,0200000;-0,9100000;-1,3099999;-0,9000000;-0,2900000;-0,5300000;-1,5700001;-0,9000000;-0,5100000;-0,5100000;-0,5800000;0,0100000;-1,3300000;-1,2100000;-0,0600000;-0,2300000;-0,8500000;-2,6600001;-3,7200000;-5,7900000;-3,8399999;0,3800000;-2,0799999;-0,3500000;-0,6700000;-0,1100000;-0,8500000;-0,9700000;-0,8700000;-1,5200000;-0,4900000;-0,3600000;-0,5200000;-1,1300000;-1,7200000;-1,9299999;-1,7000000;-0,5700000;-1,5000000;-0,4000000;-1,6600000;-2,1400001;-1,3300000;-2,3399999;-1,6600000;-0,3400000;-1,4600000;-1,7600000;-1,1600000;-1,3600000;-1,0400000;0,9000000;-1,4900000;-1,6500000;-0,5900000;1,2200000;-0,0900000;-0,4100000;-0,6100000;-0,9700000;-0,6900000;-0,1100000;0,7300000;-0,2600000;1,0000000;1,0300000;1,4600000;1,6799999;2,0500000;1,7400000;1,7200000;1,6500000;0,3500000;0,4700000;-1,5200000;0,7900000;0,1100000;-0,7000000;-1,1799999;-0,6500000;0,0600000;-1,5300000;-0,1800000;-0,5800000;-2,3800001;-5,3899999;-7,1799998;-6,1300001;-3,0599999;-0,9300000;-1,4500000;-2,7900000;-1,9700000;0,2100000;-0,8000000;-0,5600000;-0,8500000;-2,3199999;-2,4100001;-0,5200000;0,4200000;1,1000000;-1,0100000;-0,9600000;-0,3300000;-1,4600000;-0,8700000;-0,7300000;-1,1400000;-1,8099999;-2,3199999;-1,3800000;-1,3000000;-2,1300001;-0,7400000;-0,1600000;-1,0300000;-0,3100000;-0,4200000;0,0000000;-0,2300000;-0,3300000;0,6000000;0,5000000;0,6500000;0,6100000;0,2300000;0,2500000;-0,1800000;0,5500000;0,3500000;-1,2300000;-0,5000000;0,2800000;0,2100000;0,0600000;-0,2100000;-0,0600000;-0,1800000;0,0200000;-1,9100000;-0,8500000;-1,5100000;-2,5899999;-5,4299998;-0,4700000;-0,2700000;0,1600000;0,6200000;-0,0800000;-1,0900000;-0,8300000;-3,6300001;-1,9800000;0,7700000;-1,5400000;-2,8399999;-0,6400000;-1,2900000;-2,2800000;-0,2000000;1,9200000;1,4800000;0,9900000;0,4300000;-1,6600000;-2,2400000;-1,7700000;-3,3099999;-3,5500000;-2,5100000;-0,4500000;2,0000000;0,2000000;0,5200000;0,6600000;0,1400000;0,5600000;-0,0700000;-0,2400000;0,3700000;-0,1600000;-0,9100000;0,2800000;-0,0100000;0,4200000;-0,3600000;0,4500000;2,8199999;0,8100000;0,3400000;0,3400000;0,1300000;0,4300000;-0,2300000;0,0900000;0,3500000;-0,0500000;0,4600000;-0,9500000;-0,6100000;0,2800000;0,4600000;0,5100000;-0,7200000;-1,9100000;-0,0400000;0,4500000;1,1799999;2,3299999;2,8099999;3,5899999;2,3299999;-0,4900000;-2,7900000;-2,5300000;-2,0599999;-0,9200000;-0,0400000;0,3000000;-1,2800000;-1,3200001;-0,7900000;-2,1300001;-1,2900000;-0,3900000;-1,2500000;-1,0800000;-0,8600000;-0,6500000;-0,8200000;-0,7900000;-1,5400000;-1,7500000;-1,1000000;0,4700000;-0,5600000;-0,9500000;-2,1199999;-1,6400000;0,3000000;-1,0400000;-0,6800000;-0,9800000;-1,0800000;1,2900000;0,5900000;0,1400000;0,4600000;-0,3000000;0,4500000;0,3600000;-0,8300000;0,1800000;-0,1300000;0,8600000;1,2900000;0,9500000;0,9700000;0,3600000;-0,4200000;
405787;3810260;ASCE_117_06,ASCE_117_07,DESC_066_08,DESC_139_07;449450,000000000000000;5687150,000000000000000;372,8999939;1,4000000;0,1000000;;0,0000000;0,0300000;-0,1000000;-0,6800000;-1,8099999;-2,0400000;-0,1000000;1,3000000;0,4700000;-0,4200000;-0,2800000;-0,2800000;-1,6200000;-2,4800000;-1,3900000;-0,4300000;0,0400000;0,7000000;1,5900000;2,2500000;2,1500001;1,6700000;1,3500000;1,2600000;1,0300000;1,0200000;1,2400000;1,3400000;1,2700000;0,8000000;-0,7700000;-1,2600000;0,7000000;1,8500000;1,6300000;0,9700000;0,2000000;-0,0200000;-0,5500000;-0,6600000;0,6500000;1,9500000;3,0500000;3,5200000;2,8000000;2,0500000;1,3000000;-0,0400000;-1,3200001;-1,1799999;-0,4400000;-0,2300000;0,8400000;1,8800000;1,2800000;0,8600000;1,1500000;0,8000000;-0,5500000;-1,8000000;-2,9500000;-2,6199999;0,9300000;2,7300000;0,9900000;0,0500000;0,2400000;0,3200000;0,3400000;1,5200000;5,8299999;8,8400002;8,5200005;8,2299995;7,9499998;6,6500001;2,9900000;-0,8100000;-4,6399999;-6,5000000;-4,3400002;-1,3700000;1,9800000;2,6800001;1,4100000;1,4800000;1,7300000;1,3400000;-0,1200000;-0,3400000;1,5700001;2,2100000;2,2100000;3,1099999;4,0900002;4,9000001;4,1999998;2,6099999;2,9800000;2,3800001;2,4900000;2,8699999;4,5900002;3,3900001;3,3099999;2,7000000;3,9900000;5,6100001;5,3000002;4,5100002;5,6199999;3,4000001;3,4400001;3,5300000;1,3099999;0,2300000;-0,0400000;1,2400000;4,3299999;3,4800000;3,2000000;2,5000000;2,6199999;1,2300000;0,5900000;3,9100001;3,7200000;5,5400000;3,7300000;0,5200000;0,4000000;1,8800000;3,4600000;0,9000000;1,5300000;1,4500000;1,8200001;4,2800002;4,5999999;-0,5500000;0,8100000;1,7100000;0,1300000;0,6600000;2,3000000;1,6900001;3,0500000;2,0699999;3,3900001;2,4500000;1,7100000;3,4800000;2,8699999;2,5100000;2,5799999;0,5200000;1,0900000;-0,0800000;1,6900001;2,5200000;0,3100000;-0,6900000;0,1900000;4,0900002;0,0800000;-0,8300000;-1,9299999;0,1800000;3,1600001;2,2500000;1,9200000;1,1700000;1,8300000;4,4400001;2,5500000;4,2399998;5,4800000;6,5700002;6,0799999;4,2500000;3,1500001;2,9300001;2,6300001;3,7500000;3,1800001;3,1500001;1,1200000;-2,2200000;3,4400001;3,1099999;2,3699999;3,2500000;3,7800000;3,1500001;2,9500000;2,8900001;1,5800000;3,5100000;3,1900001;2,5300000;3,0200000;1,7400000;4,0799999;4,2100000;4,1399999;4,4699998;4,7500000;3,9300001;4,2800002;4,4499998;4,5799999;3,9600000;3,6099999;3,5400000;3,3900001;4,0799999;3,8299999;4,9499998;4,9299998;4,7399998;4,3299999;4,6199999;5,0200000;3,4800000;3,3599999;4,2199998;4,0100002;3,7700000;3,4900000;3,6300001;4,0000000;4,1999998;2,1400001;1,3200001;2,3800001;3,3099999;4,3800001;4,0900002;2,6600001;1,9400001;1,4100000;2,7100000;2,3800001;2,6300001;3,6600001;2,8199999;3,2400000;3,7400000;4,3400002;4,0599999;5,5799999;3,3800001;1,0700001;4,6599998;5,7700000;9,7399998;5,3699999;5,4699998;4,5400000;3,8499999;2,4500000;3,7400000;3,8399999;3,8099999;4,2600002;3,6800001;4,9000001;4,8899999;4,7500000;3,6400001;2,5599999;4,8800001;4,9200001;4,7800002;4,9899998;5,4800000;4,9600000;6,1700001;5,4400001;4,5500002;5,5400000;5,6799998;5,1599998;3,8699999;2,9600000;3,8399999;3,5000000;3,4000001;4,9200001;3,3299999;2,9900000;3,5899999;4,7300000;4,0700002;3,4900000;4,0500002;2,8599999;2,2300000;2,2500000;2,8800001;1,8800000;1,2300000;1,3000000;3,8800001;5,0500002;4,2399998;3,9600000;4,9600000;3,4600000;5,6199999;11,3299999;4,7399998;3,2400000;3,1400001;4,1900001;3,2600000;6,0900002;8,7900000;7,4000001;3,3599999;9,1999998;11,4700003;14,4799995;11,5500002;10,6599998;12,5799999;15,3900003;12,5299997;8,7799997;10,2799997;10,9799995;8,1400003;11,5699997;9,1300001;4,7199998;11,8400002;12,9200001;10,8100004;10,8299999;13,8699999;8,6700001;7,3800001;8,5200005;6,1100001;14,0100002;12,8199997;13,3699999;14,1899996;13,8000002;12,8299999;
406047;3810870;ASCE_015_06,DESC_066_08,DESC_139_07;449400,000000000000000;5687200,000000000000000;369,8999939;0,6000000;0,1000000;0,0000000;-2,0899999;-2,5200000;-3,3499999;-4,0700002;-3,7200000;-2,7600000;-2,2200000;-2,8000000;-3,5899999;-3,3199999;-2,8699999;-2,9500000;-3,2200000;-2,8599999;-2,2500000;-2,2800000;-2,1500001;-1,9600000;-2,0300000;-1,6000000;-1,1100000;-1,0400000;-0,9600000;-0,8800000;-0,8400000;-0,3800000;0,1200000;-0,1600000;-0,7800000;-0,9600000;-1,0700001;-1,3200001;-1,0900000;-0,9500000;-0,8500000;-0,3300000;-0,1000000;0,3200000;0,6200000;-0,1700000;-0,2400000;0,6300000;0,6600000;0,0000000;-0,8600000;-1,7100000;-2,5300000;-4,8699999;-6,1700001;-2,8900001;0,1500000;-0,0600000;-0,7800000;-1,1100000;-1,2300000;-1,0700001;-1,6500000;-2,5899999;-1,9700000;-1,0300000;-1,4800000;-2,0799999;-2,2300000;-2,5899999;-2,4300001;-1,5300000;-1,5800000;-2,5200000;-2,7000000;-2,3299999;-2,1900001;-1,8200001;-1,4800000;-1,6300000;-1,7300000;-1,8200001;-1,8800000;-1,6600000;-1,1799999;-0,9400000;-1,2300000;-1,1200000;-0,7600000;-0,9200000;-1,9900000;-2,6600001;-1,3500000;0,1600000;0,7600000;1,2300000;0,6400000;-1,9400001;-2,2900000;-1,8500000;-1,4000000;-0,2600000;-0,4400000;-0,2100000;-0,2500000;0,9000000;2,4600000;1,8800000;0,8100000;1,2500000;0,4600000;0,5900000;0,2400000;2,0000000;-0,2800000;-2,4700000;-2,1300001;-0,4300000;-0,7600000;-0,2800000;0,0400000;-3,1099999;-2,8000000;-1,9700000;-3,1199999;-1,9299999;-1,6400000;-0,6600000;-0,7500000;-1,8700000;-1,2200000;-1,7200000;-1,4100000;-0,8900000;-1,0900000;-1,3300000;-0,0700000;-0,8900000;-1,0599999;-1,2700000;0,5100000;-0,4400000;-2,3900001;-0,7800000;-0,7500000;-0,9000000;0,4700000;0,6000000;-1,7700000;-0,4400000;0,5300000;0,2300000;0,2700000;-0,0400000;-0,4500000;-0,2300000;-0,1300000;0,5700000;0,5200000;0,1700000;0,0100000;2,0899999;1,4400001;0,7500000;0,2000000;1,1900001;0,6700000;-0,0600000;0,0100000;0,1400000;0,4500000;0,2900000;-1,0599999;-0,6700000;-0,1700000;-0,1400000;0,4300000;-0,6800000;0,3300000;1,0000000;3,2200000;1,6000000;0,7200000;0,3800000;-0,5200000;-0,5800000;-1,0700001;-1,2500000;-1,1300000;-0,4900000;-1,0900000;2,0999999;-0,9500000;0,9700000;0,3400000;0,1000000;-0,4800000;-1,2200000;-0,3200000;-0,3500000;0,0100000;-0,1300000;-0,6400000;-0,3800000;-0,5500000;0,4500000;0,6400000;-0,1400000;0,1300000;1,8200001;1,0100000;0,4500000;0,7300000;0,8200000;1,0800000;2,3099999;2,7200000;2,3900001;2,2200000;0,9500000;1,8200001;1,9500000;2,7100000;2,4800000;2,1300001;2,9100001;2,4400001;2,2600000;2,4000001;3,0799999;2,3299999;2,3800001;4,3000002;2,9000001;1,8500000;1,8700000;1,2900000;3,4200001;2,6300001;3,9000001;2,4800000;3,1400001;1,9800000;1,9299999;0,6300000;1,4100000;0,8100000;1,6900001;2,3299999;0,7500000;0,2900000;0,9400000;1,3000000;-0,2800000;0,2600000;0,6600000;-0,1900000;0,7500000;0,1100000;0,6600000;2,1400001;0,4000000;-1,0000000;-0,3200000;1,4000000;0,3400000;-0,1000000;0,4700000;0,4300000;1,7600000;1,3400000;0,9000000;2,6700001;3,0300000;2,1700001;3,0999999;3,0000000;2,5599999;3,1500001;2,5000000;1,6100000;0,4800000;1,1700000;2,3699999;2,1500001;1,9000000;0,7200000;1,5900000;1,9900000;2,0300000;2,8900001;1,9600000;2,4700000;3,6800001;3,7700000;3,4300001;1,4700000;1,4299999;1,7500000;2,7500000;1,9200000;2,3499999;1,4200000;2,0100000;0,7200000;0,7700000;0,2600000;1,2900000;0,6600000;1,0400000;0,1900000;1,6900001;0,9500000;-0,1400000;0,0200000;-0,0100000;-0,0400000;0,4800000;-0,2700000;0,9600000;1,0700001;1,7600000;1,2000000;1,8099999;0,5000000;1,6500000;0,7200000;1,8800000;1,6200000;1,3099999;1,1799999;2,9000001;1,6200000;5,6900001;4,1900001;6,1700001;2,6500001;3,7600000;2,7300000;4,0000000;1,1300000;0,1300000;-1,4000000;-5,1500001;-1,0900000;-5,6599998;-10,4200001;-3,5999999;-1,5900000;4,6900001;5,6399999;5,0500002;3,6199999;2,8599999;1,4900000;-0,3300000;
406048;3810871;ASCE_015_06,DESC_139_07;449450,000000000000000;5687200,000000000000000;373,2999878;-0,6000000;0,1000000;0,0000000;-0,6100000;-1,2200000;-1,7100000;-2,0999999;-0,1500000;4,5000000;5,2100000;1,4299999;-0,6300000;-0,7000000;0,4400000;2,7200000;3,3099999;2,8099999;3,2200000;3,3900001;3,1500001;2,8900001;2,3000000;1,7100000;3,8800001;9,1499996;10,9799995;8,3199997;5,7700000;4,0500002;3,4600000;3,5599999;3,3699999;3,1800001;2,9900000;2,8000000;2,6800001;2,7800000;2,8900001;3,0100000;3,6500001;4,2300000;3,8599999;2,8800001;2,4700000;2,7100000;2,6199999;2,3000000;1,8500000;1,3300000;0,8100000;0,3000000;0,6000000;1,4000000;1,0000000;-0,0200000;-0,0100000;0,5600000;1,2400000;1,9000000;1,9700000;2,0599999;2,5000000;2,4400001;2,0599999;1,9299999;1,5100000;0,8600000;1,3099999;2,8000000;2,3599999;-0,1400000;-1,2300000;-0,5700000;0,8400000;2,6700001;3,8800001;4,2199998;4,5700002;4,9000001;4,8800001;4,8499999;4,3299999;3,2300000;2,5500000;2,1800001;2,2700000;2,8099999;3,3699999;3,9200001;3,9300001;3,5300000;3,4600000;3,9000001;4,3800001;4,6500001;4,7700000;5,2199998;4,8200002;4,8200002;5,3899999;5,2500000;4,0900002;3,4900000;4,7900000;5,0100002;4,3899999;4,7600002;4,7300000;4,3299999;5,0100002;4,2100000;-2,4300001;2,8499999;2,0599999;-0,8200000;3,2400000;4,7100000;3,2500000;1,5800000;2,3699999;3,0300000;1,9100000;1,3500000;1,7700000;1,7600000;2,4100001;1,4800000;1,7200000;2,7500000;3,9900000;0,6300000;-2,5200000;-2,0300000;-0,3600000;2,6400001;2,4300001;0,5000000;1,4200000;2,8699999;3,1800001;1,6400000;0,8400000;3,0300000;2,6700001;1,2400000;1,4000000;3,2400000;4,1799998;0,9500000;2,0899999;3,0699999;4,5599999;3,2500000;2,8699999;3,2400000;3,6800001;3,0599999;2,6800001;4,3200002;4,5300002;3,7300000;3,0799999;3,3800001;3,6600001;3,3299999;3,3000000;4,3400002;4,8000002;4,7100000;3,4300001;2,4300001;2,2800000;3,2200000;3,3299999;3,2300000;3,1600001;3,3199999;4,6399999;4,6500001;6,5300002;5,1799998;3,2800000;3,5000000;3,0300000;2,9300001;2,5100000;1,8200001;2,1099999;0,4200000;0,2100000;2,2300000;1,8400000;2,1099999;1,5100000;1,8300000;2,0100000;1,6400000;0,7300000;-0,5100000;-0,6300000;-0,1700000;1,2500000;3,7700000;5,2600002;5,0100002;3,0599999;3,1800001;4,2800002;5,7399998;4,0200000;4,3899999;4,9800000;4,0100002;3,9100001;4,8200002;4,2199998;3,6800001;4,3099999;5,4099998;5,8099999;5,3200002;5,8899999;5,1799998;3,6900001;2,3699999;5,1500001;6,9200001;3,0000000;1,5700001;1,3400000;2,1700001;4,7199998;4,6700001;3,1800001;5,1500001;1,5900000;1,6900001;4,7100000;4,3899999;4,0599999;3,7200000;3,7100000;3,9300001;3,1199999;2,5100000;2,5000000;1,5400000;1,6500000;1,6200000;1,8500000;1,8300000;1,4800000;2,2500000;2,2400000;2,8199999;4,4000001;3,8399999;3,1800001;2,7600000;3,8900001;3,5500000;3,6400001;3,3399999;2,6800001;3,8900001;3,4700000;3,4200001;3,2700000;4,7399998;5,4699998;3,9100001;3,4800000;5,1500001;1,6900001;0,8600000;1,6300000;-2,0000000;-0,1200000;0,1200000;-0,8400000;1,7400000;0,0600000;-2,4100001;-2,5400000;-3,1700001;-4,2900000;-3,5699999;-2,9300001;-3,2000000;-1,4500000;0,5000000;1,3900000;0,1400000;-0,8200000;0,1000000;1,6200000;0,6500000;0,0500000;-1,1300000;-0,7700000;-0,1200000;1,0900000;0,9700000;1,8300000;2,1800001;1,9600000;2,2800000;2,3000000;1,8800000;1,9800000;1,9299999;0,7100000;1,2700000;2,3900001;2,3699999;3,7600000;4,0999999;2,0999999;-5,1900001;-9,3900003;-2,9800000;2,2800000;1,2400000;1,7700000;4,0599999;3,0599999;3,3800001;4,8000002;7,5999999;-1,9700000;4,0999999;10,5500002;6,8899999;7,7700000;-1,3900000;-1,2100000;0,1200000;3,7300000;-7,9200001;-3,5000000;-5,3899999;3,4700000;4,7100000;9,1899996;3,6400001;9,4099998;-5,9699998;-6,9299998;-8,4300003;-9,1199999;-1,4000000;-0,4300000;-15,2100000;
406320;3811486;ASCE_015_06,ASCE_117_06,ASCE_117_07,DESC_139_07;449400,000000000000000;5687250,000000000000000;372,1000061;0,6000000;0,1000000;0,0000000;-1,9700000;-3,6600001;-3,5200000;-2,3900001;-2,3099999;-3,3399999;-3,8900001;-3,7800000;-3,8199999;-4,0400000;-3,9600000;-3,9100001;-4,1300001;-3,7100000;-3,4300001;-3,6600001;-2,3599999;-1,1600000;-1,6100000;-2,0599999;-2,8499999;-3,8399999;-3,2200000;-2,2300000;-2,6500001;-3,1099999;-2,8699999;-2,7900000;-2,8299999;-2,8399999;-2,7900000;-2,7700000;-3,0000000;-3,1199999;-3,2500000;-3,3399999;-2,6700001;-1,7200000;-1,3700000;-1,5800000;-2,1400001;-2,5000000;-2,1700001;-1,7600000;-2,0899999;-2,5599999;-3,0200000;-3,4600000;-2,9600000;-2,2300000;-2,7000000;-3,7300000;-3,9500000;-3,7500000;-3,4900000;-3,2200000;-2,8800001;-2,5999999;-2,5599999;-2,2100000;-2,3800001;-3,2000000;-3,3399999;-3,1300001;-3,1099999;-2,9300001;-2,6500001;-2,6400001;-3,2900000;-4,4600000;-4,2900000;-2,8399999;-2,2500000;-2,4500000;-2,6600001;-2,8499999;-2,8599999;-2,8699999;-2,3699999;-1,3200001;-1,9200000;-3,0999999;-3,0200000;-2,7400000;-2,5999999;-2,4700000;-2,0599999;-1,3500000;-1,0700001;-1,3600000;-2,7900000;-3,1300001;-3,4200001;-1,7000000;-3,0100000;-1,3800000;-1,3600000;-3,2200000;-2,9800000;-3,4400001;-3,0799999;-2,6800001;-3,5200000;-2,1199999;-2,4600000;-1,2300000;-0,2700000;-0,6200000;-4,6999998;-9,0200005;-10,5100002;-2,9400001;-3,2700000;-1,6400000;-2,2400000;-3,7900000;-3,4500000;-2,3599999;-2,8599999;-3,8399999;-3,6400001;-4,1300001;-5,3499999;-5,2100000;-3,4300001;-3,3699999;-3,6900001;-3,5000000;-4,2700000;-4,3299999;-3,6500001;-2,7500000;-1,7800000;-2,3399999;0,4700000;3,4000001;2,1500001;0,4800000;-0,0300000;0,9500000;0,0200000;-2,2200000;-3,2900000;-1,4299999;-1,6200000;-3,1700001;-2,7600000;-1,9200000;-0,4600000;-1,9000000;-1,2400000;-0,5400000;-1,2200000;-0,5000000;0,2400000;0,4600000;0,5300000;-1,2700000;-1,6100000;-1,7500000;-0,5300000;-1,9299999;-2,4100001;-0,7100000;-1,4800000;-1,4000000;-2,5100000;-3,3299999;-3,1099999;-2,2300000;-1,6600000;-3,0200000;-2,9200001;-2,3399999;-0,6200000;-3,5999999;-2,7600000;-1,3700000;-2,3599999;-3,2700000;-3,5400000;-2,4000001;-2,9100001;-2,6900001;-2,2000000;-3,8000000;-3,5200000;-2,2600000;-2,7900000;-3,4700000;-3,4800000;-3,1600001;-1,3900000;-1,4700000;-0,9100000;-2,2300000;-2,4300001;-1,3800000;-1,6000000;-0,8300000;-1,2600000;-1,5200000;-2,3399999;-1,7700000;-2,4500000;-2,4900000;-1,6799999;-0,1600000;-0,3000000;-1,6500000;-1,1200000;-1,3000000;-0,0200000;-0,9600000;-0,6100000;-1,1200000;-0,2600000;-0,5000000;-0,7000000;-1,2100000;-0,8400000;-0,9800000;-0,4200000;-0,3700000;-0,1300000;-0,0800000;-0,4300000;-0,4600000;-0,0600000;-1,2900000;-1,4100000;-1,1300000;-1,0200000;0,8000000;-1,0300000;-1,2900000;-1,4600000;-2,0100000;-1,8600000;-2,3299999;-2,6400001;-3,1300001;-0,8200000;-2,1500001;-3,6800001;-2,3699999;-1,7400000;-0,3100000;-2,0000000;-0,2400000;0,6300000;-1,1900001;-1,1500000;-1,7500000;-2,0899999;-2,9300001;-1,9400001;-1,9400001;-1,6100000;-3,8099999;-1,5500000;-0,4100000;-0,6500000;-0,8100000;-0,5900000;-1,1000000;-2,2600000;-0,3700000;-0,4700000;-0,5300000;-0,7100000;0,4400000;0,7600000;-0,2300000;-1,2400000;-1,0400000;-0,8500000;-0,2700000;-0,3400000;0,1900000;-0,8900000;-0,7400000;-0,8000000;-0,5100000;-0,7500000;-0,3000000;-0,7200000;-0,8500000;-0,9000000;-0,8500000;-1,4000000;-1,6600000;-0,5400000;-1,3800000;-1,2100000;-2,3099999;-0,7200000;-1,1300000;-0,8400000;-1,8200001;-2,0300000;-1,2800000;-1,3500000;-1,3800000;-0,9900000;-1,9900000;-2,5500000;-2,7000000;-0,8600000;-1,2000000;-1,5200000;-2,4500000;-2,2900000;-2,2400000;-2,6700001;-2,3499999;-2,9300001;-1,9900000;-2,8299999;-2,1800001;-1,8400000;-1,8099999;-1,0000000;-2,1400001;-2,8099999;-1,9299999;-1,8400000;-3,6700001;7,1700001;3,5899999;4,9600000;6,7399998;2,6700001;-0,9200000;1,0700001;-2,0500000;-1,9900000;2,0500000;1,0400000;0,3400000;0,0700000;3,7800000;5,0999999;7,9000001;2,7400000;2,3800001;0,7200000;0,6400000;2,3699999;1,1100000;
406321;3811487;DESC_066_08,DESC_139_07;449500,000000000000000;5687250,000000000000000;336,0000000;-0,0000000;4,8000002;;0,0000000;-4,5500002;-1,0100000;7,6999998;12,5900002;10,7200003;9,9499998;13,5500002;17,7700005;23,9699993;25,3899994;19,7999992;8,6800003;7,8600001;16,3600006;12,8299999;8,4799995;11,9499998;14,3100004;8,1199999;-4,8000002;-3,0899999;12,5299997;18,9500008;16,9899998;8,6999998;-4,4299998;-9,3400002;-8,2100000;-5,6300001;-2,8499999;-5,3899999;-6,9400001;-1,5200000;4,8800001;4,8899999;-1,2200000;-7,5900002;-9,2500000;-3,0000000;-26,2000008;-53,9000015;-48,9599991;-39,3600006;-32,5900002;-35,0099983;-38,7200012;-0,8200000;43,6899986;22,8799992;-12,1300001;-22,0400009;-23,5400009;-25,8099995;-27,7900009;-27,1700001;-27,9099998;-20,6000004;-15,4200001;-31,1399994;-46,7799988;-48,2700005;-40,5699997;-30,3500004;-26,3999996;-21,5599995;-4,5500002;6,0999999;-5,2800002;-7,2199998;5,9699998;10,9300003;7,0000000;2,4200001;-2,2600000;-6,8000002;-8,4499998;-2,1600001;5,2199998;4,2700000;0,8500000;1,3099999;7,1599998;10,9300003;11,0600004;9,9700003;6,3400002;4,4899998;5,0300002;2,0100000;3,5699999;-10,4700003;-19,2700005;-2,1800001;-19,8899994;-14,8299999;-18,1299992;-29,1000004;-13,0000000;-15,5100002;-14,5799999;-18,3799992;-16,1599998;-1,9299999;-5,7399998;-9,1800003;-8,3699999;37,3800011;-51,3300018;-55,0699997;-59,9599991;-4,0700002;-9,1800003;-10,6499996;-5,6599998;-2,9300001;5,2800002;6,3099999;1,2400000;1,7900000;-13,5799999;-10,0100002;-14,9200001;-5,8400002;-3,8900001;-5,5999999;-15,3900003;-20,9699993;-11,6899996;5,6900001;7,0900002;6,5599999;-0,5100000;8,4200001;4,5000000;11,7700005;11,7299995;10,7799997;9,5500002;11,3299999;6,5599999;13,7700005;8,2799997;5,0000000;11,3299999;2,3199999;10,6499996;8,1599998;3,8299999;17,6599998;23,4599991;21,7099991;6,2900000;13,6999998;0,2000000;1,7700000;-2,5799999;-7,8000002;-2,3599999;-6,9800000;-16,4500008;-6,0400000;-9,9700003;13,0299997;-9,5600004;-8,6400003;-8,4200001;1,7500000;2,0899999;-10,6700001;0,5200000;5,8600001;-5,3400002;-1,3200001;4,9899998;8,9499998;2,9400001;2,8900001;2,0799999;7,4400001;-2,0200000;3,3399999;-2,5300000;12,1700001;-4,7100000;4,4499998;16,7900009;17,5400009;16,2700005;9,9700003;10,5900002;7,5400000;16,4300003;11,9600000;8,5900002;-2,9700000;8,2600002;0,5600000;-6,9299998;0,9400000;1,6300000;0,5100000;-4,2300000;4,1700001;-5,9499998;9,3800001;0,8400000;12,1800003;0,2400000;1,7700000;8,3800001;-3,7300000;-2,2800000;-0,7500000;4,8600001;-0,4600000;9,0600004;0,2600000;-8,8000002;-12,3000002;-1,1600000;-10,5100002;-14,4700003;0,2800000;-5,0900002;-1,1400000;0,3300000;4,3200002;4,3699999;21,6700001;-8,2100000;-19,3899994;9,9899998;15,2500000;-16,6399994;-4,0400000;-3,8699999;-5,9800000;0,3900000;-8,6199999;0,5300000;-0,3100000;9,2900000;-6,3099999;4,0599999;5,2300000;5,3200002;7,0500002;-6,1399999;-8,4700003;-3,1500001;8,6700001;-1,8500000;-3,0500000;-2,9800000;-14,8599997;-14,8400002;-11,4399996;-1,8200001;1,0100000;-4,6799998;-3,2500000;-1,5100000;-5,0500002;-10,3599997;0,0900000;-12,6800003;-2,3499999;-7,1500001;-19,2600002;-11,8500004;-0,4900000;-4,7100000;-18,2000008;-12,4499998;-4,9299998;-8,1000004;4,6300001;3,5100000;-5,8499999;-13,4799995;-1,9600000;-8,3699999;-1,3000000;-3,0999999;-6,2500000;0,4700000;-15,4399996;3,2400000;-8,6700001;8,8400002;-5,0599999;9,2200003;-0,9900000;-0,5800000;-13,8199997;-19,0900002;-6,0799999;-12,6800003;-13,1599998;-7,5400000;-8,1099997;4,1300001;9,0900002;1,3900000;-1,3200001;3,7900000;-0,8100000;-1,7600000;-9,1300001;-5,6300001;-12,9799995;-1,9000000;-13,5100002;-9,1599998;-5,8099999;-18,5799999;-10,9099998;-11,0600004;-5,0999999;-10,7299995;-19,3500004;-1,6500000;-6,8299999;-16,3700008;-11,7700005;-23,2299995;-18,1000004;5,0900002;-6,6500001;1,3800000;-1,2100000;11,6099997;-22,2099991;-14,1700001;-14,6599998;-10,8199997;-21,6399994;-19,9200001;-16,6800003;-0,2400000;5,1199999;-6,5400000;-10,2100000;-7,4899998;-5,0999999;1,7000000;-2,5300000;-4,5000000;-2,1900001;
406583;3812068;ASCE_015_06,ASCE_117_06,ASCE_117_07,DESC_066_08;449400,000000000000000;5687300,000000000000000;370,8999939;0,6000000;0,1000000;;0,0000000;-1,0400000;-1,4299999;-1,3400000;-1,8200001;-1,7100000;-0,8900000;-0,0600000;-0,0300000;-0,7100000;-0,9500000;-0,2500000;0,4700000;0,1500000;-0,3200000;-0,0500000;0,3200000;0,1400000;-0,1100000;0,2500000;0,7300000;0,1700000;-0,1500000;1,3500000;2,2300000;1,4700000;0,9100000;0,4200000;-0,1100000;0,1300000;0,4800000;0,2600000;0,0600000;0,3900000;0,7800000;0,5200000;-0,0300000;-0,5200000;-0,5900000;-0,0500000;0,2600000;-0,0100000;-0,4000000;-0,3700000;0,0200000;0,3000000;0,5100000;-2,4400001;-6,4299998;-4,6599998;-1,7200000;-2,0500000;-2,5100000;-1,6700000;-0,7800000;-0,1800000;0,1300000;-0,5400000;-1,0700001;-0,5000000;-0,3900000;-1,1300000;-0,8100000;0,0000000;0,3300000;1,1700000;1,6200000;1,4600000;1,3000000;0,1800000;-0,2500000;1,2500000;2,1800001;1,9600000;1,6900001;1,4000000;1,1000000;0,9300000;1,0100000;0,8900000;0,8800000;1,0500000;0,9600000;1,2300000;1,5900000;1,8800000;2,4800000;2,9200001;2,7100000;2,5799999;3,0300000;2,2700000;2,8000000;2,4000001;2,5200000;3,1900001;2,9900000;2,2200000;2,4100001;2,1400001;2,4900000;0,8500000;1,6799999;2,7100000;1,8000000;1,5300000;1,7400000;-2,2300000;4,9099998;-0,2900000;1,2100000;2,6900001;0,7900000;1,7800000;1,7700000;0,5500000;0,4000000;0,3800000;1,1000000;1,3000000;1,1200000;0,9300000;1,0400000;-0,2300000;-0,3800000;0,4100000;0,9700000;0,9700000;0,9100000;1,3300000;1,1000000;2,0000000;2,4600000;2,4200001;4,0500002;3,1400001;0,4500000;1,5400000;1,2400000;1,5100000;2,8199999;1,4700000;2,0899999;2,1199999;3,8099999;2,1400001;0,9800000;0,4300000;1,5400000;2,1500001;2,9800000;1,9600000;1,7700000;2,3099999;3,3699999;3,9500000;2,1099999;0,7900000;1,9500000;-0,2800000;-0,1900000;0,9000000;1,6200000;0,9300000;1,8200001;1,3600000;2,0300000;1,7000000;1,6400000;1,2000000;-1,4100000;0,7500000;1,1100000;1,0599999;2,9000001;1,3900000;0,6200000;-0,9200000;-1,1600000;0,6900000;1,0200000;-1,0599999;0,3500000;0,3800000;-0,3000000;1,0100000;0,5100000;1,2600000;2,2600000;2,0300000;1,9600000;1,8400000;2,4300001;1,4500000;1,9700000;2,7300000;1,6000000;2,5799999;2,8299999;2,7000000;2,9900000;2,4100001;2,5999999;2,2200000;2,5000000;3,2000000;2,3399999;2,2300000;1,8000000;0,8800000;2,1700001;2,2100000;1,8900000;1,9700000;2,8800001;2,7200000;3,0999999;2,7200000;2,9300001;3,1300001;3,8199999;2,2900000;2,5100000;2,8099999;2,9000001;2,7400000;1,4700000;2,4100001;2,5000000;-1,0000000;-0,0400000;-1,3000000;4,3499999;3,8199999;1,3800000;1,6400000;0,5000000;1,0300000;1,8300000;0,8900000;0,1300000;0,0500000;1,2400000;1,4800000;1,2300000;2,6199999;3,7400000;2,5999999;2,0599999;1,6400000;0,9000000;0,8700000;2,4500000;4,0599999;3,2700000;1,7500000;3,6800001;4,3800001;4,2800002;1,5100000;1,2800000;5,1500001;4,1999998;2,7100000;2,5200000;2,4800000;4,0000000;4,3600001;3,8599999;3,1099999;3,6800001;3,9900000;4,4000001;4,6500001;3,4700000;3,6700001;3,2100000;5,2300000;4,7100000;3,9900000;4,3000002;3,7200000;3,3399999;3,0100000;2,5400000;2,2700000;2,2000000;2,8000000;4,3400002;4,3800001;3,2100000;3,0200000;3,0100000;2,0799999;0,9600000;2,4400001;1,9000000;2,1400001;3,5000000;2,0300000;2,0599999;3,7900000;3,2300000;2,1400001;2,2700000;3,4300001;3,4600000;3,6400001;3,0400000;0,8300000;-0,5400000;3,1500001;1,1200000;2,3099999;3,0000000;2,0599999;1,4100000;1,6500000;2,6900001;3,1700001;3,8499999;2,9300001;3,7400000;4,5500002;4,0799999;4,8299999;4,5799999;4,6199999;4,7199998;5,7199998;7,1399999;8,3599997;6,7700000;3,7700000;3,9400001;3,8000000;4,7399998;4,9200001;1,8600000;1,3800000;3,2100000;3,3299999;3,4500000;3,5799999;2,4700000;1,8200001;1,0700001;1,5100000;1,2700000;1,7300000;
406584;3812069;ASCE_015_06,ASCE_117_06,ASCE_117_07,DESC_139_07;449450,000000000000000;5687300,000000000000000;356,6000061;0,2000000;0,1000000;0,0000000;-1,6700000;-3,2900000;-0,6500000;1,7300000;0,2000000;-0,9800000;-0,3500000;0,0500000;0,3100000;0,2500000;-5,6300001;-10,9700003;-6,8499999;-3,2600000;-3,2600000;-2,8599999;-1,9400001;-1,1100000;-2,2100000;-3,2800000;-4,1100001;-4,7199998;-2,3800001;-0,2800000;0,0300000;0,0100000;-4,9200001;-9,5200005;-7,9400001;-6,3499999;-4,7800002;-3,2400000;-2,6700001;-1,7200000;-0,8200000;0,0400000;-0,6400000;-1,8099999;0,2100000;2,7700000;1,6500000;-0,7000000;-0,5400000;0,8400000;-0,0500000;-1,6900001;-3,3199999;-4,8899999;-3,9600000;-1,9400001;-1,6500000;-2,1600001;-1,9100000;-1,7700000;-3,5000000;-5,0900002;-3,7800000;-2,4300001;-3,0999999;-3,7400000;-4,1599998;-4,7199998;-4,5300002;-4,1300001;-2,7200000;-1,2500000;-1,6500000;-2,7000000;-2,3900001;-1,4100000;-1,3400000;-0,7900000;-0,5200000;-1,1500000;-1,7700000;-2,3800001;-2,5699999;-2,7600000;-2,7000000;-2,4000001;-3,0599999;-3,7400000;-2,6900001;-1,6900001;-3,9300001;-6,0599999;-5,0400000;-3,3199999;-0,6100000;0,4300000;-2,1800001;-1,1700000;-0,8200000;-1,2500000;-2,5500000;-2,0200000;-2,3199999;-3,4000001;-3,3099999;-3,7700000;-2,4500000;-1,7200000;-3,1199999;-2,6500001;-3,0999999;-3,6400001;-2,4600000;-4,8099999;0,7100000;5,2399998;2,9600000;-5,5799999;-2,0200000;-4,8600001;-6,0000000;-4,3899999;-5,3600001;0,6900000;-2,8499999;-2,5100000;-4,1599998;-2,2700000;-3,5799999;-4,0100002;-2,9000001;-3,4400001;-3,7200000;-2,1900001;-0,6000000;-3,6600001;-3,9700000;-1,2600000;-2,8099999;-3,1800001;-2,3699999;-2,2900000;-5,3000002;-7,7600002;-10,8100004;-4,4899998;-7,0799999;-1,2900000;-6,8200002;-9,6800003;-8,0400000;-0,7200000;-6,2100000;-4,9400001;-0,1600000;-1,4000000;-3,6400001;-3,0999999;-2,3900001;2,2500000;2,0599999;-0,1700000;-1,6200000;0,9700000;-2,3699999;-2,9500000;-4,3400002;-5,0300002;-7,9800000;-9,3599997;-4,5599999;-5,3499999;-7,0599999;-5,7700000;-5,1199999;-6,8699999;-7,1999998;-5,1100001;-6,7300000;-2,7000000;0,0800000;-1,1000000;0,6300000;3,0899999;-4,9499998;-3,7000000;-1,8500000;-6,6900001;-5,1599998;-5,8000002;-9,4399996;-8,4600000;-8,1199999;-4,2900000;-3,9300001;-3,6300001;-6,9499998;-4,7399998;-4,9499998;-4,3499999;-4,6999998;-2,5200000;-6,3899999;-4,0300002;-3,5699999;-0,6700000;-0,8200000;-2,4600000;-2,2100000;-1,6799999;-2,8399999;-1,5800000;-6,4000001;-1,4500000;-1,9200000;-0,8800000;0,0700000;6,1900001;-0,1700000;-0,3600000;-2,1300001;-1,6700000;-5,8499999;-2,3800001;-1,1200000;-5,4000001;-0,9400000;-0,7800000;-0,6000000;3,6900001;-0,7800000;2,2000000;5,6599998;2,2700000;1,1900001;2,5999999;-1,1200000;4,6799998;-3,1700001;-0,8900000;-3,5300000;-2,2000000;-1,7400000;-0,2100000;-1,4600000;-3,6700001;-2,1199999;-0,2800000;-0,4500000;-3,0000000;-1,9000000;-1,9000000;-3,3900001;-1,8600000;-4,0300002;-2,9300001;-2,5799999;-3,5100000;-2,3900001;-3,6199999;-3,5300000;-4,8800001;-3,3800001;-2,6500001;-3,8099999;-2,4100001;-4,4699998;-3,1800001;-1,7700000;-1,9299999;-0,8500000;-2,9100001;0,0900000;-0,4900000;-1,0000000;0,8000000;0,5000000;1,3500000;-0,2800000;-2,4600000;-0,1800000;-3,5699999;2,0500000;4,4299998;-2,6500001;-3,6400001;-4,6599998;-3,8699999;-2,2100000;-3,8199999;-2,8499999;-4,5000000;-3,8199999;-5,0500002;-4,0400000;-3,0400000;-3,3299999;-3,0799999;-3,6800001;-6,6399999;-6,6399999;-6,5599999;0,0400000;0,7800000;-6,5200000;-10,4799995;0,7000000;-0,2500000;-0,3500000;-0,7500000;-1,1000000;-1,4299999;-2,1500001;-3,7300000;-3,2300000;-1,1100000;-2,3199999;-1,5300000;-3,0500000;-2,4100001;-3,0400000;-1,5599999;-4,2800002;-3,5200000;-3,5400000;-4,7100000;-4,8000002;-5,0000000;-2,5699999;-2,4700000;-2,1900001;-1,9299999;-1,2200000;-2,9300001;-1,9200000;-1,3099999;-0,5900000;-1,6400000;0,3300000;-2,1300001;-1,3800000;-2,6400001;1,3200001;-0,2200000;-1,3099999;-1,8300000;-0,7400000;-1,6700000;-1,7700000;-3,6300001;2,7300000;-1,4200000;-0,9900000;-1,8200001;-2,1600001;-3,3000000;
406585;3812070;ASCE_015_06,ASCE_117_06,ASCE_117_07,DESC_066_08;449500,000000000000000;5687300,000000000000000;332,8999939;0,5000000;0,1000000;;0,0000000;-1,2900000;-2,4500000;-2,0300000;-1,7500000;-3,4000001;-4,0000000;-1,7200000;-0,8600000;-2,7700000;-4,2300000;-4,6199999;-4,5300002;-4,1199999;-3,9500000;-3,8199999;-3,6600001;-4,2199998;-4,9299998;-3,7900000;-2,7700000;-3,5400000;-3,7200000;-2,3499999;-1,8200001;-2,7600000;-3,0999999;-2,0899999;-1,0000000;-1,1400000;-1,4400001;-1,6900001;-1,7500000;-1,0000000;-0,1800000;0,8300000;0,6700000;-1,7000000;-3,3299999;-2,2300000;-0,3700000;0,5400000;0,2500000;-1,0100000;-2,3399999;-3,4700000;-4,5599999;-3,8000000;-0,4900000;1,0599999;-0,4900000;-3,0599999;-4,5300002;-3,7100000;-2,8099999;-2,0200000;-1,2200000;-2,0799999;-2,9900000;-2,9100001;-2,9300001;-1,9100000;-0,7700000;-1,4400001;-2,3499999;-2,2100000;-2,1500001;-2,6900001;-3,0799999;-4,9899998;-6,1199999;-3,8000000;-2,1700001;-1,7500000;-1,3300000;-0,9300000;-0,6000000;0,2700000;1,1200000;-0,6100000;-2,1099999;-1,8000000;-1,8600000;-2,5999999;-3,3399999;-3,5200000;-2,5300000;-1,6700000;-2,3499999;-2,2900000;-0,5500000;-1,4500000;-0,4300000;-0,3100000;-2,5999999;-3,2900000;-3,0899999;-0,9500000;0,3800000;1,9500000;2,2100000;-2,5200000;-1,5100000;-2,3800001;-0,4500000;-0,7100000;0,4500000;-0,3200000;2,9500000;1,2900000;4,7600002;-1,7200000;-1,2400000;1,6000000;-3,3800001;-3,8599999;-3,0000000;-3,2300000;-2,8699999;-3,6400001;-3,3800001;-3,3199999;-4,2399998;-5,0999999;-2,7300000;0,0700000;1,7500000;-1,3300000;-1,3800000;-1,1300000;-2,4800000;-1,8000000;1,7100000;-0,3600000;0,7100000;-2,4400001;-5,9000001;-2,9400001;-0,0200000;-0,6500000;-0,7600000;-4,1599998;-2,1300001;-1,5200000;-1,1600000;-0,7000000;-5,6100001;-1,6799999;-2,2000000;-1,7500000;-1,3800000;-1,8900000;-1,4400001;-1,6400000;-0,8100000;0,7200000;0,0700000;-0,2100000;0,5900000;0,0600000;0,2600000;-2,1500001;-2,5799999;-2,8000000;-0,1400000;-3,7900000;-3,9700000;-4,3000002;-1,5000000;-2,9800000;-2,0200000;2,9900000;0,4800000;-1,0200000;-0,8600000;-0,5200000;1,1799999;-2,9800000;-2,5699999;-1,7400000;-0,2100000;3,1500001;1,8600000;-0,8200000;-0,6500000;-1,9600000;-2,2700000;0,9100000;2,4500000;-0,5000000;-2,7800000;-4,3400002;-3,5400000;-1,8000000;-1,9600000;-2,6099999;-5,5700002;-0,9900000;-0,0600000;0,7400000;1,4500000;1,7100000;2,2900000;2,1800001;0,4300000;0,0600000;0,0800000;1,1700000;-2,1600001;-4,3299999;-2,7600000;-2,1300001;-3,3499999;-3,3399999;-0,6800000;-2,2900000;-2,7100000;-2,5799999;-3,6199999;-1,3900000;-0,8000000;-0,7500000;0,7200000;-1,6400000;-2,5599999;-2,5200000;-6,0700002;-5,1100001;-4,7399998;-4,0100002;-3,0400000;-2,8499999;-2,8599999;2,5100000;-1,0300000;-0,6100000;-1,1000000;-1,4299999;-2,0000000;-1,8400000;-2,2900000;0,1800000;-1,2300000;-0,0200000;1,7000000;0,2100000;1,5100000;0,9900000;0,1500000;-1,1600000;-3,2400000;0,5500000;-1,2700000;-0,7000000;0,8500000;1,1000000;-1,0700001;-1,1000000;-1,5500000;-2,4700000;-2,9500000;0,0400000;-1,6100000;-1,7100000;-3,5200000;-0,8700000;1,5400000;-0,6900000;-1,6799999;-0,7800000;-0,1700000;0,1300000;0,0200000;1,7900000;3,3499999;3,4200001;2,7100000;2,1099999;2,4800000;2,4000001;3,0599999;1,2300000;0,6800000;3,8499999;2,7100000;3,5300000;3,8800001;0,1500000;1,2400000;0,6800000;1,6600000;1,8500000;1,8000000;0,0700000;-0,8900000;-1,4400001;-4,2500000;-4,1700001;-2,5899999;-4,4000001;-3,0599999;1,3300000;2,0000000;1,6300000;0,9200000;1,9200000;1,9500000;1,2600000;0,3700000;-0,5800000;-0,6900000;-0,2800000;-1,7300000;-1,0200000;-3,0999999;-3,2200000;-2,4700000;-1,3300000;0,0300000;-0,2400000;3,1300001;3,9000001;0,9100000;3,0000000;1,9700000;1,1700000;-0,8700000;-0,3300000;-0,3100000;1,2300000;1,4500000;2,2300000;1,1100000;0,5100000;-0,4300000;-1,2300000;0,0400000;1,2300000;3,3699999;3,5300000;1,6200000;1,2700000;3,3299999;2,1400001;4,9000001;9,2600002;1,6100000;-1,6300000;-0,8100000;-4,7399998;
406586;3812071;ASCE_015_06,DESC_066_08,DESC_139_07;449550,000000000000000;5687300,000000000000000;318,1000061;1,2000000;0,1000000;0,0000000;-4,9400001;-5,1999998;-5,6999998;-5,9899998;-5,6900001;-6,3800001;-7,3200002;-6,7600002;-6,2500000;-6,5400000;-7,2300000;-7,3600001;-6,4800000;-6,4699998;-7,1599998;-7,0999999;-6,5400000;-6,6100001;-6,8800001;-6,2900000;-6,7399998;-9,0100002;-9,6599998;-7,4099998;-5,6100001;-5,4899998;-5,6199999;-5,7600002;-5,7399998;-5,1500001;-4,4899998;-4,4499998;-4,8699999;-5,1999998;-5,4899998;-5,5100002;-5,2500000;-4,0400000;-2,8699999;-2,8499999;-2,9500000;-3,8800001;-5,3699999;-6,3400002;-6,5900002;-6,5599999;-6,5900002;-5,9600000;-5,3099999;-4,9499998;-4,3899999;-3,8800001;-3,7600000;-4,0900002;-4,8600001;-5,5700002;-5,3099999;-4,5500002;-4,1999998;-4,2500000;-4,5900002;-5,5500002;-6,3600001;-6,2700000;-6,0100002;-5,9000001;-6,0500002;-5,8099999;-5,5400000;-6,4099998;-6,9699998;-6,5300002;-6,2500000;-5,6500001;-4,9400001;-4,2300000;-3,5300000;-3,9600000;-4,7199998;-5,1799998;-5,0999999;-4,3899999;-4,0400000;-4,7300000;-5,5500002;-4,9800000;-4,0599999;-4,1700001;-3,8000000;-0,5800000;2,0300000;0,9400000;1,5500000;1,9200000;-1,2300000;-0,6900000;0,8800000;-2,8900001;-5,0200000;-2,2500000;0,6400000;-0,4800000;-1,7100000;-1,5100000;-1,3600000;-1,4700000;0,6800000;0,6300000;-0,1800000;-4,9499998;-1,9000000;-0,9100000;1,4299999;3,6600001;1,9400001;-1,2400000;-3,7900000;-4,0000000;-2,7200000;-2,5999999;-2,0699999;-1,0500000;-0,6700000;-2,0000000;-0,5000000;-0,4300000;-0,8200000;0,1000000;-3,5699999;0,2200000;1,2300000;1,7500000;0,2200000;-1,0800000;0,3500000;4,2300000;1,0800000;0,3400000;-0,1700000;-0,2400000;1,4800000;0,8500000;1,3700000;-0,5200000;-0,1200000;1,1900001;3,3599999;3,3800001;0,2100000;2,5500000;1,9700000;-0,7200000;-0,6600000;-0,2300000;0,8500000;2,5899999;3,2100000;2,5799999;1,5300000;1,2600000;1,0700001;0,7300000;1,3099999;0,2800000;2,1199999;1,6600000;0,0800000;0,6400000;1,4299999;1,5500000;0,3500000;1,5200000;1,8900000;1,6200000;2,7900000;4,0700002;2,6199999;2,4900000;0,0600000;2,7600000;0,2900000;-0,2700000;0,5400000;-0,6900000;-0,9300000;-2,2900000;-0,4400000;2,6700001;2,3900001;0,6500000;1,0100000;2,0799999;2,1099999;-1,3600000;0,6300000;2,0000000;-1,0500000;-0,5800000;1,0300000;3,3599999;2,0999999;1,9200000;2,2400000;0,8400000;4,2600002;5,2100000;1,8700000;4,1500001;3,8000000;3,4200001;3,5400000;2,8599999;2,0000000;0,0900000;1,8700000;4,4000001;2,7400000;2,2700000;4,7100000;4,4400001;2,2600000;2,5300000;1,8099999;4,4400001;4,2900000;3,2500000;2,8699999;1,1200000;2,2500000;2,5400000;2,3499999;3,6500001;3,9600000;3,3199999;5,1500001;3,3900001;2,7400000;0,8800000;0,0100000;-0,1200000;2,5200000;0,5000000;1,0500000;0,6900000;1,0500000;1,1400000;2,0300000;0,0200000;2,0300000;1,8099999;-0,4600000;0,9600000;1,0900000;1,6300000;2,9500000;-0,2500000;0,6400000;1,7300000;1,8500000;0,8400000;0,9700000;0,6400000;0,4700000;1,0900000;1,4400001;1,7200000;0,9900000;1,5900000;1,6200000;0,4500000;0,7200000;1,6600000;2,8599999;5,0500002;6,8099999;0,0700000;6,5500002;1,5599999;2,7500000;2,3299999;2,4400001;0,7500000;2,4800000;1,5800000;2,1500001;1,5000000;1,2100000;-0,5300000;1,6400000;-0,4400000;2,3900001;4,3299999;4,3800001;7,7199998;2,0899999;4,6500001;3,1600001;5,0999999;4,2199998;3,8900001;2,7200000;1,5300000;4,8499999;3,5599999;2,8000000;2,3599999;1,4700000;2,0799999;2,7100000;2,2200000;1,9200000;2,2300000;0,6500000;1,6600000;2,5699999;3,4800000;0,5900000;3,7600000;3,0300000;2,8699999;2,7700000;3,0699999;4,8299999;3,4900000;1,2900000;4,3000002;2,1099999;2,5200000;5,9899998;3,6500001;2,8699999;2,8399999;4,6300001;1,2500000;1,4000000;1,7500000;2,7200000;2,1900001;1,4800000;-0,6600000;5,6500001;3,4800000;4,9299998;4,2700000;3,5799999;6,1100001;9,6599998;2,3900001;4,5799999;3,6900001;
406831;3812642;ASCE_015_06,ASCE_117_06,ASCE_117_07,DESC_066_08;449400,000000000000000;5687350,000000000000000;375,8999939;0,3000000;0,1000000;;0,0000000;-0,3700000;-1,2200000;-2,9200001;-3,7700000;-3,6800001;-3,4800000;-2,6500001;-3,7600000;-7,0599999;-7,3299999;-3,8000000;-1,6799999;-2,5100000;-3,2300000;-2,5799999;-1,8000000;-1,9800000;-2,3399999;-1,2100000;0,0900000;-0,3800000;-1,6200000;-1,8400000;-0,9700000;-0,1300000;-0,0200000;-1,2000000;-2,4200001;-1,8900000;-1,1900001;-2,9900000;-4,7700000;-3,4900000;-1,8500000;-1,1500000;-0,6200000;-0,9500000;-1,7000000;-1,2700000;-0,6100000;-1,8700000;-3,5000000;-3,1300001;-2,5500000;-2,9700000;-3,5100000;-8,8400002;-13,7799997;-9,0000000;-3,9800000;-4,4099998;-5,1100001;-4,1300001;-3,0000000;-2,0699999;-1,3000000;-2,4200001;-3,5899999;-2,7100000;-1,9100000;-1,9100000;-1,4600000;-1,0100000;-0,5200000;0,8700000;0,7500000;-1,5300000;-0,9100000;2,2300000;3,2000000;2,4400001;1,6500000;0,9700000;0,3200000;-0,4000000;-1,2500000;-2,5999999;-3,6500001;-3,2500000;-2,5999999;-3,9900000;-6,1100001;-6,7900000;-7,3299999;-8,5100002;-7,5700002;-3,6400001;-0,7000000;0,7100000;1,0000000;-0,7300000;-0,9200000;-0,7000000;0,2700000;-1,2800000;0,5100000;-0,5600000;-2,5100000;-1,4400001;0,8400000;0,8600000;-1,7700000;-1,9299999;-0,5900000;1,1900001;-1,6000000;2,8800001;8,0799999;8,0799999;5,9699998;-0,8200000;-0,4100000;-0,5000000;-2,5400000;-2,5999999;-3,8900001;-5,3400002;-3,9100001;-2,9200001;-1,4800000;-2,9100001;-2,2300000;-3,1700001;-1,0599999;1,5599999;-0,3300000;-2,2700000;-4,3600001;-4,0500002;-3,0899999;-0,6500000;0,0100000;-1,9200000;1,7900000;3,3099999;-1,6400000;-0,6800000;0,9400000;-1,2300000;-1,2900000;-3,2500000;-3,3299999;-4,3699999;-2,0000000;0,4100000;-1,2600000;-1,5300000;0,6900000;0,3000000;1,6200000;-0,1000000;0,8600000;-0,7500000;1,2300000;4,0300002;2,5100000;-0,8100000;-2,1400001;-1,5400000;1,3700000;0,6300000;-0,1800000;-1,4100000;-1,5300000;-1,5800000;0,5000000;-2,3800001;-2,0300000;-2,0899999;-0,2800000;-1,6100000;-1,4700000;0,3300000;0,5600000;-0,1800000;1,9200000;1,0400000;0,3200000;0,7000000;-0,6100000;-1,0800000;-0,4100000;-0,8000000;-0,5500000;-0,4600000;-0,8800000;-0,4300000;-0,3700000;-1,8700000;-1,7300000;-2,1500001;0,2800000;-0,2000000;-1,9100000;0,4000000;0,8400000;0,1700000;-0,1500000;0,5300000;0,6600000;1,0800000;1,3300000;0,0100000;1,0000000;0,7900000;-0,8500000;-0,7500000;0,4800000;-2,0500000;-0,3200000;-0,2600000;0,3900000;0,0700000;-0,8800000;-1,5000000;-1,1700000;-1,2000000;-0,8300000;-1,9400001;0,7500000;-0,5000000;-1,3500000;-1,0300000;0,2300000;-0,8800000;-2,7600000;-2,3599999;-1,9900000;-2,5300000;-0,1800000;3,4800000;6,5799999;4,9400001;0,6500000;2,5500000;1,7700000;2,8800001;4,8200002;4,2300000;1,0500000;2,3699999;0,8500000;-1,1300000;0,7200000;-1,8000000;-2,2200000;-2,1199999;-0,2600000;-1,1900001;-1,0000000;-0,8500000;-3,8499999;-1,9800000;2,1099999;0,8600000;-0,7300000;1,4500000;0,6200000;-1,8800000;-2,6099999;-0,5900000;-0,2400000;-1,7100000;-0,6600000;-1,7500000;-1,2900000;-0,6100000;-1,2400000;1,1300000;0,6400000;0,0200000;-0,9100000;-2,5100000;0,7600000;2,6800001;-0,5600000;0,5600000;-0,7100000;-1,0100000;-1,3900000;-2,5799999;-2,0500000;-1,9800000;-3,0899999;-1,9900000;-1,5700001;-2,7500000;0,9200000;0,3300000;-1,5900000;-2,0599999;0,3200000;-1,3500000;-2,5100000;-2,7400000;-2,5799999;-3,3299999;-0,9300000;-3,2600000;-2,7900000;-0,4500000;-2,3800001;-1,6100000;-1,7400000;-1,5200000;-0,8900000;-0,5100000;-1,8600000;-1,2900000;-2,0400000;-0,9200000;-2,3199999;-0,6400000;0,2000000;0,1100000;0,6200000;0,4500000;1,2900000;1,6100000;0,5900000;-0,7100000;0,5500000;0,3100000;1,2400000;1,7800000;-0,3100000;2,0599999;1,9100000;1,5900000;-2,3099999;1,6700000;-7,2199998;-6,1199999;-6,4499998;-9,1800003;-7,6700001;-4,9699998;0,4500000;-8,9399996;-7,9400001;-8,7299995;-12,4899998;-2,0599999;2,8299999;3,2900000;2,6099999;4,9699998;4,1999998;2,3399999;
406832;3812643;ASCE_117_07,DESC_139_07;449550,000000000000000;5687350,000000000000000;317,1000061;0,5000000;0,1000000;;0,0000000;0,0500000;-0,6400000;-1,3300000;-0,9300000;-0,3400000;0,6600000;1,4200000;1,5800000;1,7800000;1,2800000;1,0500000;1,7400000;1,8900000;0,3400000;-0,7600000;0,0100000;0,6600000;0,6100000;0,3900000;-0,2700000;-0,7200000;0,1800000;1,0599999;1,6700000;2,3000000;2,4600000;2,5699999;2,1400001;1,8000000;1,6400000;1,3600000;1,1600000;0,9500000;0,7200000;0,5300000;0,7900000;1,0200000;0,5600000;0,0500000;-0,2000000;-0,3800000;-0,4300000;-0,4200000;-0,5700000;-0,7200000;-0,8700000;-0,8900000;0,1000000;0,6900000;-0,2100000;-0,8600000;-0,8300000;-0,8400000;-1,0300000;-1,1700000;-1,5700001;-1,9299999;-1,5700001;-1,2000000;-0,9100000;-0,7600000;-0,8900000;-0,9100000;-0,6200000;-0,3300000;-1,1100000;-1,9500000;-1,6799999;-1,3000000;-0,5700000;0,1700000;1,3800000;2,5899999;3,7900000;4,7399998;2,8099999;0,8900000;-1,0300000;-2,6400001;-1,8099999;-1,0400000;-1,7600000;-2,4800000;-1,5900000;-0,7300000;-0,4400000;-0,1400000;0,6700000;1,6500000;2,1800001;2,0400000;1,9400001;2,5699999;3,9600000;3,0000000;2,8299999;3,0000000;4,9899998;4,5700002;4,2399998;3,4700000;-0,4500000;2,8000000;2,1199999;1,9200000;1,2600000;4,3200002;2,3499999;-4,6999998;-2,5200000;4,5500002;1,8200001;1,4200000;2,7500000;2,8900001;1,1700000;4,3000002;4,0799999;6,2199998;2,2100000;3,0200000;1,7800000;2,1400001;6,0100002;2,2900000;3,5400000;3,2900000;3,0699999;-0,4500000;-0,5300000;1,3200001;4,0100002;5,4699998;4,0700002;3,7700000;4,5599999;3,8699999;3,5599999;4,5400000;-0,4000000;1,5200000;2,9000001;3,7400000;2,7900000;3,2700000;3,9100001;4,2100000;1,4700000;3,7900000;2,5500000;-0,9600000;2,3499999;2,7800000;3,4600000;3,1800001;3,0300000;2,8499999;3,5000000;3,8000000;7,2199998;3,0999999;3,5999999;4,5400000;3,3399999;4,4499998;3,9900000;4,1700001;4,3000002;4,5200000;3,3299999;3,6800001;3,7300000;2,8399999;3,8399999;1,6400000;1,1700000;1,2600000;2,5699999;1,8000000;1,4400001;-1,6799999;-1,6900001;5,2100000;3,2300000;2,0799999;1,1500000;1,7500000;1,9700000;2,9900000;0,0200000;-0,6700000;2,0000000;2,6800001;3,5300000;0,7600000;0,9000000;2,4600000;1,3200001;0,8500000;4,8499999;-3,0100000;1,6700000;0,4200000;2,7200000;2,8499999;2,4900000;3,0200000;4,3800001;2,8199999;2,9400001;4,6199999;3,5999999;2,9700000;2,6600001;3,4700000;4,1500001;6,6999998;1,8700000;3,3499999;3,9800000;3,5799999;5,5300002;4,1500001;4,5300002;4,8000002;4,6100001;4,2500000;3,9700000;1,5900000;2,6600001;3,0599999;2,6099999;2,5699999;3,4600000;3,5999999;3,6500001;3,4600000;4,0700002;2,9800000;2,3599999;3,3299999;3,5799999;2,0699999;3,6700001;2,6500001;1,4200000;1,4000000;1,9299999;-1,3600000;-4,4899998;4,0700002;4,1399999;-0,5200000;2,1199999;2,4100001;2,3000000;2,9100001;2,9100001;3,6199999;2,6500001;1,4200000;0,2100000;2,9600000;1,3900000;3,0799999;1,8900000;1,8700000;2,2700000;2,3000000;0,4500000;1,6500000;3,9300001;2,7400000;2,0699999;3,0100000;2,7000000;2,0200000;3,6700001;4,7300000;4,6599998;3,6800001;3,4000001;4,9899998;6,2800002;4,0000000;4,4000001;4,5000000;2,7100000;5,1199999;4,2600002;-0,2000000;3,4500000;4,4800000;4,6199999;3,6400001;3,1700001;4,3000002;4,4400001;3,4700000;3,3900001;3,3599999;3,3399999;3,6099999;1,0100000;1,8099999;2,4900000;1,5300000;4,0000000;3,3399999;2,8900001;2,7700000;2,1500001;2,7000000;3,5100000;4,3800001;3,2700000;2,1400001;2,8499999;6,8899999;2,9300001;3,1199999;0,6200000;4,2199998;3,1300001;3,1800001;1,6700000;3,1600001;4,1900001;4,1700001;1,7600000;2,1199999;3,3399999;3,6500001;7,1500001;4,8499999;8,0100002;4,5400000;2,0200000;3,5999999;4,6500001;1,9600000;6,2300000;2,9700000;4,7500000;6,0700002;4,5700002;6,2700000;6,0000000;6,6100001;
407041;3813186;ASCE_015_06,ASCE_117_06,ASCE_117_07,DESC_066_08;449400,000000000000000;5687400,000000000000000;370,7999878;1,1000000;0,1000000;;0,0000000;0,2800000;0,1200000;-1,1900001;-1,1300000;0,4500000;0,6700000;0,1700000;0,3600000;1,5200000;1,8800000;0,6800000;0,2400000;0,1100000;-0,1000000;0,7300000;1,7900000;2,2900000;2,6199999;3,5200000;3,6800001;2,1600001;0,6400000;-0,3000000;0,7400000;4,4200001;6,4899998;5,6999998;4,8099999;4,9499998;5,2500000;4,6999998;4,2399998;4,4499998;4,6399999;4,6999998;5,4000001;6,4299998;6,1199999;4,7399998;3,9000001;3,4500000;3,5500000;4,3800001;4,4099998;4,2800002;4,2600002;0,2300000;-5,0700002;-5,3000002;-2,3099999;0,7800000;1,1600000;-1,0400000;-3,2400000;-5,5799999;-4,1900001;1,4700000;3,3499999;1,1900001;1,5100000;4,5100002;6,9099998;7,5500002;6,3499999;4,6300001;4,3000002;5,9800000;8,6000004;9,8800001;7,1500001;2,1400001;0,0300000;0,1800000;0,2200000;0,2400000;0,2400000;-0,0100000;1,1900001;4,6500001;6,9099998;7,3899999;6,9899998;6,3699999;5,8299999;4,4899998;3,4700000;4,0599999;5,2100000;5,8099999;7,3699999;8,0600004;8,7399998;7,4200001;6,1300001;6,1700001;7,4600000;7,3200002;8,0900002;7,3499999;7,3699999;7,9600000;8,0299997;7,8699999;7,0799999;7,6799998;5,7700000;6,5500002;-0,1700000;1,3800000;4,6100001;6,4699998;7,9600000;8,3599997;6,7700000;5,6999998;6,4600000;3,3299999;5,8600001;6,5200000;4,8600001;4,7800002;5,3299999;5,5999999;5,8499999;5,9200001;6,6700001;7,0700002;6,2700000;6,1900001;5,0900002;1,8600000;2,0899999;-0,4500000;4,6700001;7,0200000;6,4299998;5,6300001;6,4299998;5,3299999;5,0100002;7,9299998;7,3099999;3,2700000;6,4899998;6,3600001;5,9000001;5,1399999;5,9000001;5,1700001;5,0799999;4,0900002;5,6100001;4,5400000;5,6500001;6,5999999;6,6700001;4,9099998;4,6599998;3,7400000;5,3899999;4,2100000;3,7400000;5,6900001;6,0100002;4,2300000;5,9299998;3,4100001;3,7400000;3,5699999;4,5799999;4,2600002;4,4699998;5,5500002;4,8299999;5,1500001;6,0300002;5,3800001;6,0400000;6,8200002;5,2399998;3,6500001;4,4299998;5,0400000;3,7800000;4,8200002;4,1399999;3,5599999;5,4400001;4,9299998;3,3800001;4,6100001;4,1199999;2,6500001;4,0999999;6,5300002;6,6500001;5,8000002;5,0300002;5,9699998;4,9899998;4,0000000;4,9699998;5,5599999;4,7900000;6,0500002;4,2600002;6,6700001;7,1300001;6,6199999;6,1100001;6,2199998;7,2399998;5,6300001;5,3899999;6,4800000;6,5999999;5,8099999;6,4499998;6,5900002;7,3699999;6,8400002;6,6700001;6,9400001;5,9699998;5,3099999;4,4699998;3,7900000;4,9600000;7,2700000;6,1799998;8,5600004;5,9400001;5,6999998;6,5700002;7,3899999;5,8000002;5,3200002;4,8499999;4,9299998;5,5700002;6,6599998;7,7100000;5,5500002;3,6700001;3,5200000;3,1199999;-0,5100000;1,2100000;4,4099998;9,4700003;8,4600000;4,5300002;7,6999998;5,9200001;5,4899998;6,4299998;6,1399999;4,5200000;3,9800000;7,4299998;14,6499996;8,8800001;8,2500000;9,1199999;8,8100004;9,1099997;8,7900000;10,8299999;11,6000004;10,2799997;4,8200002;5,1199999;8,5200005;8,2799997;8,3000002;7,1100001;7,8299999;7,7199998;7,4000001;9,0500002;6,3200002;6,2500000;7,1700001;5,8200002;8,6000004;8,0299997;7,4200001;9,0299997;7,7199998;5,6700001;6,7399998;7,6900001;7,8099999;6,0799999;6,5100002;6,5500002;5,1100001;5,8699999;5,2700000;5,3200002;7,7100000;6,8200002;7,1100001;7,7199998;6,3800001;5,1700001;5,8200002;5,7100000;10,3599997;11,1899996;8,9300003;7,7800002;4,9600000;6,0200000;1,6500000;-2,4300001;4,7700000;8,9399996;11,2100000;10,7100000;9,1599998;10,5799999;12,1599998;11,0900002;11,3100004;10,6000004;15,9300003;18,2700005;21,5599995;11,9899998;13,3100004;20,5900002;16,6000004;16,8500004;11,1800003;5,1399999;4,5700002;0,3900000;10,7500000;11,0299997;15,0000000;6,3800001;1,4700000;3,5899999;3,5300000;3,1500001;3,8800001;4,3200002;5,7199998;
407273;3813747;ASCE_015_06,ASCE_117_06,DESC_066_08;449350,000000000000000;5687450,000000000000000;375,1000061;0,5000000;0,1000000;;0,0000000;0,4500000;1,1500000;0,1700000;-0,9600000;-0,1300000;0,6300000;0,2700000;-0,1800000;-0,4500000;-0,8100000;-1,0900000;-0,9700000;-1,3500000;-2,0699999;-1,5300000;-0,6400000;-0,7300000;-1,0000000;-1,1400000;-1,3700000;-0,7900000;0,0600000;0,6000000;0,9600000;0,5100000;-0,0800000;-0,7800000;-1,5300000;-1,1100000;-0,4900000;-0,3100000;-0,0700000;-0,0300000;-0,0400000;0,4200000;0,8100000;0,8500000;1,1600000;1,1200000;0,5000000;-0,5100000;-1,3600000;-0,9800000;-0,1900000;0,1400000;0,3800000;-1,4200000;-3,8900001;-3,4800000;-2,2700000;-1,4400001;-0,7300000;-0,6400000;-0,6500000;-0,4000000;-0,3300000;-0,9400000;-0,9100000;0,4600000;1,1000000;0,5700000;0,2500000;-0,1300000;-0,3800000;-0,7200000;-1,2700000;-0,7600000;-0,0900000;-0,6600000;-1,0500000;-0,0700000;0,7500000;0,4200000;-0,0300000;-0,4800000;-0,9100000;-0,4800000;0,1700000;0,0900000;0,0100000;0,7200000;1,3500000;1,8000000;2,3000000;2,7000000;2,9200001;2,9200001;3,0000000;2,9900000;2,5000000;1,2800000;0,2500000;2,2300000;1,2800000;1,2600000;2,1600001;2,4400001;1,6700000;1,4299999;1,0900000;1,4400001;2,1900001;1,8400000;1,2600000;0,4800000;-1,7700000;-0,2600000;-3,7800000;-4,0799999;-2,5100000;1,0500000;1,3400000;1,5100000;1,2000000;0,7200000;1,3800000;-0,7300000;1,8300000;2,1800001;0,4000000;0,7800000;2,4300001;0,7200000;-0,3500000;-0,5300000;1,7300000;1,8600000;1,8400000;2,0300000;0,0500000;0,2300000;2,0100000;-0,1600000;0,9400000;1,9600000;0,0500000;0,9600000;2,2600000;2,3000000;2,4500000;0,7100000;2,9300001;1,3600000;1,1400000;1,0800000;2,4200001;1,8500000;2,1300001;3,3399999;2,5500000;1,7900000;2,8699999;1,5700001;2,1400001;1,7000000;1,5800000;1,6500000;1,8900000;0,9000000;1,9100000;2,0100000;2,3299999;1,9400001;2,2000000;0,7700000;0,9300000;1,2400000;1,2400000;1,5000000;0,8900000;1,5100000;1,6000000;2,2400000;3,1099999;-0,3700000;1,3099999;1,2700000;2,6400001;2,8599999;1,6300000;1,1400000;1,7600000;2,3199999;-0,3200000;1,8400000;1,6900001;1,7300000;2,8099999;1,6600000;1,0500000;3,0400000;3,4600000;1,5300000;1,9299999;2,5799999;2,3399999;1,0300000;0,7200000;1,9299999;1,1000000;1,7300000;1,3700000;1,8700000;1,1200000;2,7900000;2,8399999;3,4400001;1,9000000;1,9700000;1,9200000;2,2500000;2,4600000;1,9900000;2,5999999;2,0300000;1,9200000;2,9800000;2,6600001;1,2400000;2,4600000;2,4200001;2,4300001;1,5200000;2,5100000;0,8700000;0,0900000;-0,3900000;0,2000000;1,8300000;2,2500000;1,3600000;-4,2700000;-0,5000000;-0,4400000;-0,9900000;0,5000000;0,4100000;0,0100000;-0,1900000;-1,0000000;-0,0800000;0,2000000;-0,3400000;0,1500000;0,6200000;1,7200000;2,0899999;2,4700000;0,6300000;0,0700000;0,0200000;1,1200000;1,3099999;3,4400001;1,8600000;2,3900001;2,5599999;2,6500001;0,4000000;-0,3800000;2,6199999;1,3400000;0,7700000;1,8500000;1,3099999;2,0000000;1,9100000;3,1700001;3,0799999;3,4900000;4,1999998;5,3000002;4,8499999;2,4300001;2,6600001;2,3099999;3,7200000;3,5300000;2,6800001;1,1600000;1,3900000;1,5200000;0,7400000;1,2700000;1,5400000;1,1700000;0,5200000;1,3200001;1,0100000;-0,0800000;0,0000000;2,2300000;1,7800000;0,7500000;1,8000000;1,0400000;0,5100000;1,0500000;0,1200000;0,9400000;1,8400000;-0,0700000;0,9000000;1,4000000;2,4000001;3,5599999;3,0200000;1,8600000;2,7600000;1,8500000;1,8900000;1,2200000;2,6500001;2,3800001;2,8000000;2,5500000;2,7500000;2,2800000;2,2000000;0,3800000;2,7000000;7,7199998;5,7800002;4,9600000;3,3000000;1,0500000;1,2600000;-1,5500000;-0,6800000;-3,3599999;0,7000000;9,3400002;4,3699999;7,0300002;7,7800002;4,9899998;4,8099999;3,7700000;9,1499996;6,9600000;-10,9200001;7,6500001;11,2200003;9,2200003;7,9000001;6,2199998;6,3299999;5,0100002;4,2199998;
407274;3813748;ASCE_015_06,ASCE_117_06,ASCE_117_07,DESC_139_07;449450,000000000000000;5687450,000000000000000;359,7999878;0,4000000;0,1000000;0,0000000;1,0300000;1,6799999;1,1200000;1,4299999;1,7500000;1,2700000;1,2500000;1,0900000;1,4500000;2,1800001;1,3400000;0,5300000;-0,1400000;-0,8800000;-0,6000000;-0,2500000;0,3900000;0,9300000;-1,2600000;-3,2800000;-1,8800000;-0,7800000;0,2800000;1,4600000;1,6200000;2,3699999;3,5500000;3,9400001;3,1300001;2,3599999;1,6600000;0,8700000;0,8800000;1,3600000;1,8700000;2,4400001;2,2700000;1,2900000;1,8200001;3,7200000;3,5699999;2,0599999;2,7500000;4,6500001;4,4699998;3,1099999;1,7500000;0,4400000;2,6900001;8,0699997;9,6700001;7,0200000;4,4699998;3,3199999;2,7200000;2,0799999;1,8800000;1,7200000;1,4400001;1,2500000;1,1900001;1,7900000;2,4300001;2,2900000;0,8400000;-0,7600000;0,0500000;1,7000000;2,6199999;3,1700001;3,1800001;3,0400000;3,2500000;3,5999999;3,9500000;4,2199998;3,1500001;2,0899999;0,7000000;-0,9600000;-0,8400000;-0,3100000;1,8200001;4,3000002;5,2100000;6,0799999;5,1100001;2,9500000;2,0200000;1,8700000;3,4600000;2,5400000;3,9000001;4,2100000;2,8499999;-0,4100000;3,8900001;6,1700001;4,6999998;5,6399999;5,8099999;5,0200000;4,9800000;6,4600000;4,2100000;2,8599999;1,6400000;-3,4600000;5,3299999;7,7600002;7,8200002;-3,0100000;-1,1900001;3,9800000;3,0000000;2,2400000;3,7700000;3,9100001;3,8900001;0,9100000;2,8800001;2,2200000;1,4900000;1,4200000;1,6600000;1,6900001;1,7500000;6,1999998;0,9300000;-0,5000000;-0,2900000;-2,5999999;-0,7500000;5,9600000;5,1799998;1,3300000;4,0500002;3,3099999;0,5800000;4,4800000;2,7800000;2,5000000;-0,9400000;4,0100002;6,3800001;4,1900001;1,2700000;3,4400001;4,4499998;4,3600001;3,1500001;3,4900000;3,6900001;3,8499999;2,5799999;4,1599998;3,0699999;2,3599999;5,9299998;4,9699998;8,6000004;4,8699999;11,3599997;6,7100000;5,1300001;3,9000001;3,6700001;3,8499999;3,5999999;2,7500000;7,0200000;5,0000000;4,6300001;1,4299999;5,0400000;2,3499999;1,5800000;2,8399999;4,1199999;3,6800001;4,3899999;5,5700002;3,9900000;5,1300001;5,0799999;4,2700000;3,3599999;5,5599999;3,9900000;2,7000000;0,3400000;-1,0599999;4,0000000;0,8200000;4,6399999;3,1199999;-1,0500000;2,9000001;2,1199999;2,5699999;-2,5100000;4,8299999;2,4600000;3,2900000;5,3000002;5,7900000;2,9900000;6,1399999;2,6900001;2,4700000;3,0300000;4,9000001;3,6800001;3,7300000;2,2400000;3,5899999;5,2100000;5,3200002;4,4400001;3,0799999;3,5899999;3,7000000;2,4400001;6,0900002;5,5500002;3,9900000;5,4400001;4,2800002;4,1999998;5,6999998;4,8800001;2,5200000;1,5200000;1,3500000;3,3199999;3,3199999;3,8599999;3,0799999;0,5800000;4,2399998;3,8099999;3,4700000;1,8099999;0,3500000;2,5599999;3,0200000;-0,5800000;2,4000001;2,1099999;0,5800000;-0,5000000;0,0400000;4,0799999;0,7000000;1,8300000;1,2300000;2,7900000;2,8900001;2,1400001;1,8000000;1,4200000;2,9800000;0,2700000;1,8800000;3,4300001;4,8899999;3,2900000;3,4800000;0,2900000;5,3600001;6,5900002;5,2500000;5,0400000;4,5500002;5,9299998;5,6700001;2,7600000;3,5100000;5,8600001;7,8000002;5,9899998;6,1799998;4,5799999;5,6399999;5,8000002;6,1199999;1,9600000;4,3299999;1,7500000;4,7800002;4,7600002;2,8900001;4,4499998;5,9400001;6,4200001;5,5500002;4,9699998;7,9899998;5,8400002;4,0200000;2,3199999;1,7400000;1,2300000;0,9500000;1,1500000;4,2100000;5,9800000;1,6300000;3,4000001;1,9400001;-2,0899999;-1,8400000;6,2500000;3,6199999;2,3000000;4,6300001;3,9600000;1,9900000;1,1300000;4,4600000;3,7500000;5,9800000;6,0599999;5,5599999;1,2200000;1,4700000;0,7800000;4,9699998;6,5500002;5,6399999;5,8800001;5,1700001;4,1799998;3,7400000;7,3600001;6,0300002;5,5799999;5,2500000;4,1100001;6,7700000;6,7800002;4,2900000;6,2800002;4,5500002;6,5100002;5,4099998;5,1300001;8,7299995;6,9299998;6,4299998;
407488;3814299;ASCE_015_06,ASCE_117_06,DESC_066_08,DESC_139_07;449350,000000000000000;5687500,000000000000000;372,8999939;0,2000000;0,1000000;0,0000000;-9,9200001;-9,3400002;-8,3400002;-9,1099997;-10,6700001;-10,6599998;-10,1700001;-10,7500000;-11,4600000;-10,8999996;-9,8000002;-9,9899998;-11,7900000;-13,6599998;-14,3400002;-13,7600002;-12,8000002;-12,0000000;-11,5100002;-9,8800001;-8,4700003;-10,0200005;-11,3299999;-11,7600002;-12,9300003;-13,5799999;-13,4200001;-13,0000000;-13,1000004;-12,8599997;-11,5699997;-10,9600000;-11,2200003;-11,3599997;-11,2900000;-10,4499998;-9,9399996;-9,3299999;-8,3100004;-9,0100002;-9,8000002;-9,9600000;-9,3500004;-8,1099997;-8,1199999;-7,0799999;-5,9099998;-7,1399999;-8,7799997;-9,9499998;-10,6199999;-10,0500002;-8,8999996;-9,5699997;-11,4200001;-11,7299995;-11,1899996;-10,7399998;-10,7100000;-10,4499998;-9,9300003;-11,0200005;-11,9799995;-11,4799995;-10,7200003;-10,1899996;-10,2600002;-11,8699999;-13,5400000;-13,1099997;-11,6499996;-10,4700003;-10,1199999;-10,4099998;-10,7200003;-11,0600004;-11,5699997;-12,4799995;-12,8900003;-12,7600002;-12,4399996;-9,8800001;-7,7700000;-10,0299997;-12,4200001;-11,0200005;-9,9200001;-10,8500004;-10,7799997;-8,0799999;-6,0999999;-8,1499996;-7,5900002;-7,1599998;-10,5900002;-11,9600000;-13,9499998;-12,2900000;-10,8100004;-9,2200003;-9,6999998;-9,8400002;-5,2300000;-6,4899998;-7,9200001;-5,6199999;-9,8500004;-9,0000000;-7,5799999;-11,8500004;-10,7900000;-11,2500000;-8,9899998;-8,3800001;-8,3999996;-10,5799999;-9,2900000;-8,3599997;-10,2200003;-8,3000002;-8,7799997;-10,1899996;-9,0299997;-10,6400003;-8,9099998;-9,1999998;-9,0100002;-10,9399996;-10,7200003;-8,4700003;-11,5900002;-9,8400002;-11,0799999;-9,8500004;-8,8800001;-10,7500000;-13,9700003;-11,6099997;-10,3400002;-9,5699997;-7,9899998;-11,2500000;-13,7900000;-12,1700001;-11,5699997;-10,3000002;-13,1199999;-12,4399996;-10,0500002;-7,1799998;-9,9700003;-10,6899996;-9,5100002;-9,1000004;-7,8299999;-8,8199997;-8,4300003;-7,3699999;-4,7900000;-8,2100000;-8,8299999;-8,4399996;-8,8400002;-12,3699999;-11,4300003;-12,1800003;-8,9099998;-7,6999998;-7,6900001;-9,1999998;-9,6800003;-8,8299999;-8,3000002;-7,0500002;-9,0500002;-9,1000004;-8,4600000;-8,1300001;-10,5200005;-11,2100000;-12,0400000;-10,3599997;-6,3800001;-8,3100004;-11,3500004;-14,0100002;-9,1199999;-9,6700001;-11,1899996;-9,6599998;-11,6099997;-11,2500000;-9,1499996;-8,4700003;-12,9899998;-10,7100000;-9,5699997;-10,6400003;-11,0900002;-9,1300001;-11,5299997;-10,6000004;-9,9300003;-11,3199997;-8,5000000;-9,4899998;-12,1199999;-9,1300001;-8,1300001;-6,8699999;-9,3500004;-9,7299995;-7,9099998;-8,8299999;-9,1899996;-6,9600000;-4,0100002;-7,4499998;-8,1800003;-8,0600004;-9,2799997;-9,2100000;-9,5299997;-9,9300003;-10,5299997;-9,5000000;-12,0600004;-11,8400002;-12,0500002;-12,2600002;-10,3699999;-13,8000002;-13,1599998;-12,1700001;-11,1499996;-9,2200003;-9,4600000;-9,5600004;-11,1499996;-10,8100004;-9,2900000;-10,1499996;-10,2799997;-10,8299999;-10,4499998;-13,3100004;-10,6800003;-11,1599998;-8,4300003;-11,1599998;-5,7100000;-10,5600004;-11,1099997;-9,7900000;-8,5900002;-13,9700003;-11,6599998;-10,1899996;-7,7600002;-10,2500000;-10,7200003;-8,9499998;-10,0900002;-7,6700001;-8,2700005;-9,8299999;-10,1599998;-9,3900003;-8,7200003;-8,0699997;-8,9899998;-10,1599998;-8,4300003;-6,9699998;-7,6199999;-6,2600002;-6,1199999;-3,3599999;-6,8600001;-10,5100002;-7,8699999;-12,8400002;-10,6000004;-9,4899998;-9,8800001;-11,4399996;-7,2700000;-8,0900002;-8,9099998;-10,0299997;-9,8100004;-8,1199999;-8,6400003;-10,3199997;-8,5100002;-9,1700001;-13,1000004;-9,9300003;-9,5299997;-9,8000002;-7,9400001;-8,1999998;-6,5500002;-9,6400003;-7,5900002;-8,2399998;-9,4099998;-8,7500000;-8,4499998;-6,3099999;-8,2299995;-7,3899999;-7,0999999;-5,6799998;-5,7600002;-5,3699999;-3,8299999;-5,6700001;-8,2299995;-9,8199997;-11,3100004;-11,5500002;-10,6000004;-12,6899996;-11,2900000;-5,3600001;-5,3400002;-9,9499998;-11,8800001;-9,0000000;-10,0100002;-8,4499998;-3,4000001;-4,8899999;-13,4399996;-11,2700005;-17,2600002;-11,8699999;-12,2500000;-9,3400002;-12,2299995;-15,9799995;-14,2700005;-14,6499996;-14,1400003;-14,7100000;-21,1200008;-18,5300007;-10,2100000;4,3600001;
407489;3814300;ASCE_117_06,DESC_139_07;449450,000000000000000;5687500,000000000000000;358,5000000;0,3000000;0,2000000;;0,0000000;3,3699999;3,0100000;2,0400000;1,7000000;1,7600000;2,6600001;3,8199999;5,5599999;6,9499998;5,6300001;4,6700001;7,3400002;9,3500004;7,6999998;6,0000000;5,4299998;5,1599998;5,9499998;6,7300000;6,2600002;4,7399998;1,7500000;0,5700000;4,0200000;6,4299998;5,6700001;5,1599998;4,6700001;4,0999999;3,3199999;2,5799999;2,6400001;2,6199999;2,4300001;2,3599999;2,6600001;2,9900000;4,0900002;5,1799998;4,9600000;4,6799998;3,7100000;2,8000000;4,6599998;6,5100002;8,3699999;10,0299997;7,0500002;4,2199998;4,3299999;4,5200000;6,8899999;8,9399996;6,3499999;4,1100001;6,6900001;9,0000000;5,3499999;1,8200001;0,9700000;0,2000000;2,4200001;4,3899999;1,6799999;-0,5700000;1,7900000;3,7000000;3,9400001;4,3200002;2,9700000;1,8200001;2,9000001;3,9900000;5,0700002;5,7500000;4,3600001;2,9800000;1,6000000;0,5800000;2,0300000;3,4200001;3,6800001;3,9800000;3,8599999;3,7700000;4,5000000;4,9099998;4,0200000;3,0999999;2,2800000;1,7900000;2,3099999;3,1800001;3,0000000;1,9900000;2,3699999;4,0300002;4,0799999;1,3099999;1,9500000;2,9100001;2,8000000;3,2400000;3,9200001;4,5000000;5,3699999;4,6399999;5,8099999;5,2800002;3,7900000;2,8599999;4,3200002;5,5200000;3,5000000;3,8000000;3,8599999;4,3600001;3,1800001;3,1500001;6,6599998;3,0699999;4,1399999;3,6199999;2,5500000;4,3699999;4,0000000;3,1700001;2,2000000;0,2000000;0,1700000;-0,3500000;3,4000001;3,5599999;0,2100000;1,8600000;1,8800000;2,0699999;2,1600001;0,0600000;2,4500000;-0,0700000;2,3099999;2,0400000;2,3800001;2,3199999;1,9500000;1,0000000;1,6700000;2,2600000;1,1000000;-0,1000000;2,3299999;2,7600000;2,0599999;3,6900001;3,4100001;4,5599999;3,5000000;3,0899999;2,5999999;3,7800000;4,0599999;3,2900000;4,0000000;4,5599999;3,5400000;4,0799999;3,9500000;4,6599998;3,4100001;2,8099999;4,9699998;7,2800002;6,5900002;4,8800001;3,9700000;4,9099998;2,3399999;3,9900000;5,4099998;2,7200000;3,7700000;3,2700000;3,9800000;1,0100000;2,2100000;3,4000001;0,7800000;1,7500000;0,2500000;1,6700000;2,2700000;1,8500000;2,1500001;2,4200001;3,6900001;0,6200000;0,6900000;3,2700000;1,4700000;0,0600000;1,8900000;1,7900000;2,4700000;3,3800001;4,6900001;3,0100000;3,5400000;4,3099999;3,0300000;4,5900002;7,4299998;5,9200001;3,7000000;4,2800002;3,3800001;5,5700002;4,8000002;3,5100000;8,6000004;11,1599998;6,4600000;4,5500002;0,0400000;5,0500002;3,5100000;2,8699999;5,3099999;4,0200000;3,2800000;5,9099998;4,1700001;5,0999999;3,4500000;1,9299999;1,3700000;6,3499999;3,4100001;3,7400000;3,6800001;8,3800001;5,7500000;4,7800002;6,9099998;-0,8600000;5,4600000;4,8899999;5,5999999;5,4099998;5,0500002;1,9800000;2,8099999;1,3500000;1,6300000;5,0599999;1,5400000;3,8299999;3,3499999;0,9800000;1,4600000;3,2700000;0,9900000;1,2300000;5,3699999;4,5500002;5,4200001;2,3399999;1,7800000;1,1600000;3,1300001;3,2200000;3,2200000;4,1799998;4,0200000;4,5700002;2,7300000;2,8499999;7,8499999;3,7300000;5,6599998;4,0200000;3,7700000;5,0500002;7,2900000;8,4799995;5,1900001;4,8899999;7,3899999;7,3699999;8,8900003;7,0900002;5,0999999;8,6300001;7,0999999;4,2600002;6,7399998;8,9399996;7,6700001;7,0500002;5,5300002;7,2199998;7,1599998;4,7300000;5,3699999;4,5100002;6,6500001;2,5799999;3,1400001;4,1700001;4,3499999;5,3699999;3,2400000;-0,1500000;2,1199999;-0,4500000;2,4100001;-0,3200000;2,8399999;4,4699998;2,5200000;4,5599999;5,1399999;5,3600001;2,8900001;6,3200002;4,2700000;4,8099999;4,5300002;6,0700002;4,7800002;4,0200000;6,9600000;6,1500001;5,6199999;6,2500000;6,6300001;5,2700000;5,2900000;4,6100001;4,9600000;6,1199999;7,4200001;5,2199998;7,5700002;7,5500002;0,5100000;5,5000000;5,6799998;7,3899999;
407490;3814301;ASCE_015_06,ASCE_117_07,DESC_066_08,DESC_139_07;449500,000000000000000;5687500,000000000000000;364,2000122;0,5000000;0,1000000;0,0000000;-0,3900000;-0,3100000;0,6000000;2,5200000;2,8099999;1,0400000;0,4500000;-0,3300000;0,1500000;4,5100002;5,4600000;2,7200000;0,9300000;2,0599999;4,5300002;4,7100000;3,4200001;1,6700000;-0,3200000;-1,6500000;-0,3100000;2,9300001;3,9200001;3,1400001;3,1800001;3,7500000;3,7600000;2,9400001;2,3399999;3,0500000;3,8900001;3,5899999;3,4000001;3,7900000;4,2300000;4,6999998;4,6799998;4,2500000;4,0500002;4,1399999;4,1300001;3,7000000;3,4200001;3,5000000;3,5599999;4,5599999;5,6700001;6,2199998;6,4400001;5,0700002;3,5100000;3,2500000;3,5400000;3,6400001;3,4200001;4,0900002;4,9499998;4,1999998;3,3800001;4,1199999;4,8099999;4,2900000;3,9900000;4,1599998;4,3299999;4,9699998;5,5100002;4,6599998;3,2200000;2,4400001;2,1900001;2,0699999;2,1400001;2,5899999;3,0799999;3,5000000;3,6199999;2,9700000;2,0699999;2,0000000;2,2100000;1,9400001;1,9500000;1,9500000;1,8900000;2,7200000;3,4800000;3,5899999;3,5999999;3,7500000;3,6500001;1,8400000;2,4900000;4,2600002;4,1199999;4,3099999;3,3699999;2,9100001;4,0900002;5,5300002;5,1799998;4,1900001;4,0700002;3,4800000;3,4800000;3,5699999;3,2000000;6,2199998;11,5699997;4,0200000;5,7399998;3,1600001;3,2400000;2,9100001;3,2900000;3,7900000;4,8499999;3,5899999;4,6799998;4,1700001;4,3800001;3,1700001;3,6300001;3,6900001;3,6800001;4,0500002;3,5899999;3,6199999;2,3199999;3,1600001;2,5899999;2,4500000;2,0500000;2,7400000;2,1300001;1,0800000;1,1500000;2,5300000;3,1400001;2,0300000;0,6700000;1,2000000;1,5700001;1,7900000;2,6600001;1,8900000;2,7300000;2,4800000;2,9700000;2,3199999;2,3000000;2,9000001;3,0000000;3,9200001;3,9400001;4,5900002;4,3899999;4,7100000;4,6900001;4,1399999;4,4200001;4,5799999;4,9000001;6,2100000;5,6999998;4,6999998;4,8000002;3,8099999;3,2700000;4,7700000;4,1399999;3,0000000;3,1300001;4,2700000;4,7700000;3,7700000;3,8399999;3,8499999;4,4899998;4,2500000;4,3600001;4,0900002;4,5100002;3,9100001;3,2800000;3,2600000;3,4400001;4,2500000;3,5699999;3,3199999;3,2500000;4,0500002;4,6399999;3,3099999;2,9700000;4,8299999;3,5100000;4,7199998;3,9200001;4,2700000;4,5100002;5,0900002;4,1799998;4,6700001;4,4299998;3,0400000;3,3199999;3,5699999;5,3499999;5,1599998;5,0999999;2,2100000;4,8400002;5,0400000;4,3400002;5,3099999;5,0900002;4,4600000;4,6500001;5,0999999;5,8600001;6,4800000;6,6599998;6,4800000;5,8299999;5,5900002;5,0200000;5,3499999;5,4099998;5,4499998;6,4000001;5,7199998;4,1999998;5,8600001;5,2900000;5,5300002;5,5100002;5,2800002;5,0200000;5,6900001;5,1199999;4,7399998;4,6599998;5,0900002;4,9800000;5,7399998;4,8099999;3,4300001;2,7800000;3,7000000;3,5799999;3,8800001;3,2700000;3,8199999;5,4499998;3,1199999;3,1500001;4,2399998;4,7199998;2,9100001;1,7400000;3,7700000;4,5100002;3,4100001;1,4100000;3,1300001;3,8800001;4,5700002;5,0100002;4,2300000;4,2700000;4,6100001;5,2900000;5,3099999;5,5000000;5,8899999;4,9499998;5,1799998;6,3899999;5,7100000;6,1199999;5,2199998;6,1300001;6,8699999;6,0000000;6,1300001;6,1199999;5,0900002;6,2700000;5,8800001;6,1900001;5,3600001;4,3400002;5,3099999;4,8400002;4,9400001;5,6500001;5,1399999;5,7600002;5,1999998;4,8800001;5,4099998;4,6900001;5,2399998;4,8899999;5,3099999;5,6900001;5,5400000;4,9899998;3,9300001;4,2700000;4,5900002;4,6199999;5,4299998;4,4800000;4,9800000;4,4499998;4,4499998;3,2500000;3,1600001;2,8900001;3,9400001;4,8299999;4,9499998;4,3899999;5,3400002;4,7300000;5,9400001;4,8800001;5,1500001;4,9600000;5,0599999;5,5400000;5,6300001;4,9600000;5,7600002;5,8499999;6,5000000;6,0900002;5,7800002;6,7600002;6,1999998;5,9000001;6,5400000;6,8400002;5,9600000;5,8400002;5,7600002;6,8800001;8,2799997;